Burst n° Time Inst.Freq.
1 85.3986 209.249
1 85.4034 724.638
1 85.4048 486.618
1 85.4068 259.605
1 85.4107 495.295
1 85.4127 260.01
1 85.4166 546.448
1 85.4184 142.633
1 85.4254 496.771
1 85.4274 257.003
1 85.4313 216.029
1 85.4359 264.76
1 85.4397 604.961
1 85.4414 287.853
1 85.4448 312.11
1 85.448 441.501
1 85.4503 197.472
1 85.4554 460.405
1 85.4575 535.906
1 85.4594 740.741
1 85.4608 208.594
1 85.4656 197.006
1 85.4706 944.287
1 85.4717 201.654
1 85.4767 196.078
1 85.4818 585.823
1 85.4835 215.61
1 85.4881 735.835
1 85.4895 299.491
1 85.4928 261.643
1 85.4966 160.875
1 85.5028 335.345
1 85.5058 245.278
1 85.5099 221.043
1 85.5144 565.931
1 85.5162 207.943
1 85.521 742.39
1 85.5223 273.448
1 85.526 244.379
1 85.5301 400.641
1 85.5326 440.335
1 85.5349 199.72
1 85.5399 223.564
1 85.5443 257.599
1 85.5482 342.583
1 85.5511 461.042
1 85.5533 360.75
1 85.5561 222.668
1 85.5606 184.775
1 85.566 146.585
1 85.5728 380.952
1 85.5754 171.38
1 85.5813 144.3
1 85.5882 241.022
1 85.5923 685.871
1 85.5938 15.3214
1 85.6591 48.79
1 85.6796 373.274
1 85.6822 504.286
1 85.6842 327.118
1 85.6873 195.389
1 85.6924 194.363
1 85.6975 518.403
1 85.6995 252.143
1 85.7034 233.59
1 85.7077 222.37
1 85.7122 238.607
1 85.7164 208.986
1 85.7212 245.098
1 85.7253 209.249
1 85.7301 411.015
1 85.7325 508.906
1 85.7344 224.165
1 85.7389 366.3
1 85.7416 235.239
1 85.7459 807.103
1 85.7471 180.473
1 85.7527 189.934
1 85.7579 191.241
1 85.7632 199.124
1 85.7682 115.62
1 85.7768 260.01
1 85.7807 345.781
1 85.7836 310.945
1 85.7868 155.545
1 85.7932 169.291
1 85.7991 263.089
1 85.8029 285.633
1 85.8064 98.2994
1 85.8166 234.742
1 85.8209 134.953
1 85.8283 752.445
1 85.8296 153.046
1 85.8361 306.373
1 85.8394 143.74
1 85.8464 156.274
1 85.8528 120.467
1 85.8611 17.0625
1 85.9197 108.331
1 85.9289 177.873
1 85.9345 322.997
1 85.9376 256.41
1 85.9415 225.53
1 85.9459 213.402
1 85.9506 324.57
1 85.9537 196.541
1 85.9588 502.008
1 85.9608 83.4168
1 85.9728 77.5014
1 85.9857 370.37
1 85.9884 265.604
1 85.9921 110.084
1 86.0012 160.333
1 86.0075 831.255
1 86.0087 59.8874
1 86.0254 152.138
1 86.0319 168.35
1 86.0379 556.483
1 86.0397 260.213
1 86.0435 286.123
1 86.047 501.253
1 86.049 421.408
1 86.0514 237.417
1 86.0556 109.577
1 86.0647 217.865
1 86.0693 386.698
1 86.0719 238.265
1 86.0761 45.9834
1 86.0978 70.502
1 86.112 76.3475
1 86.1251 13.7849
1 86.1977 277.316
1 86.2013 220.167
1 86.2058 230.84
1 86.2102 262.055
1 86.214 224.165
1 86.2184 218.293
1 86.223 735.835
1 86.2244 182.349
1 86.2299 949.668
1 86.2309 141.303
1 86.238 268.384
1 86.2417 278.474
1 86.2453 214.225
1 86.25 110.522
1 86.259 160.488
1 86.2652 709.22
1 86.2667 1.27134

2 87.0644 108.436
2 87.0736 6.82459
2 87.2201 239.981
2 87.2243 184.468
2 87.2297 114.077
2 87.2385 349.406
2 87.2413 110.229
2 87.2504 301.659
2 87.2537 10.0368
2 87.3533 558.347
2 87.3551 365.097
2 87.3579 512.821
2 87.3598 201.898
2 87.3648 336.022
2 87.3677 177.399
2 87.3734 369.14
2 87.3761 522.466
2 87.378 415.11
2 87.3804 399.202
2 87.3829 621.891
2 87.3845 438.02
2 87.3868 265.816
2 87.3906 252.525
2 87.3945 201.045
2 87.3995 158.73
2 87.4058 319.285
2 87.4089 292.654
2 87.4124 57.0386
2 87.4299 253.872
2 87.4338 512.033
2 87.4358 36.0088
2 87.4636 22.8938
2 87.5072 513.611
2 87.5092 308.642
2 87.5124 183.352
2 87.5179 442.674
2 87.5201 248.016
2 87.5242 523.286
2 87.5261 339.443
2 87.529 465.549
2 87.5312 224.618
2 87.5356 319.285
2 87.5388 478.927
2 87.5408 104.102
2 87.5504 211.238
2 87.5552 117.619
2 87.5637 201.776
2 87.5686 334.672
2 87.5716 78.9141
2 87.5843 257.599
2 87.5882 85.0557
2 87.5999 77.2678
2 87.6129 156.568
2 87.6193 13.1679
2 87.6952 118.793
2 87.7036 481
2 87.7057 230.681
2 87.71 225.836
2 87.7145 426.257
2 87.7168 443.853
2 87.7191 411.523
2 87.7215 203.004
2 87.7264 915.751
2 87.7275 548.246
2 87.7293 252.717
2 87.7333 184.877
2 87.7387 111.408
2 87.7477 213.95
2 87.7524 371.195
2 87.755 76.8226
2 87.7681 213.95
2 87.7727 310.366
2 87.776 424.088
2 87.7783 116.55
2 87.7869 165.262
2 87.793 65.5008
2 87.8082 128.156
2 87.816 148.61
2 87.8227 247.647
2 87.8268 18.8048
2 87.88 53.1293
2 87.8988 113.071
2 87.9076 83.8364
2 87.9196 82.3249
2 87.9317 186.532
2 87.9371 706.215
2 87.9385 190.15
2 87.9437 401.123
2 87.9462 223.564
2 87.9507 174.52
2 87.9564 322.061
2 87.9595 46.1233
2 87.9812 92.9023
2 87.992 122.82
2 88.0001 727.802
2 88.0015 242.248
2 88.0056 78.1739
2 88.0184 63.8447
2 88.0341 21.9877
2 88.0796 117.33
2 88.0881 22.7485
2 88.1321 109.685
2 88.1412 259.605
2 88.145 631.313
2 88.1466 570.776
2 88.1484 328.407
2 88.1514 363.504
2 88.1542 750.751
2 88.1555 274.348
2 88.1591 305.81
2 88.1624 457.875
2 88.1646 177.588
2 88.1702 226.449
2 88.1746 499.75
2 88.1766 223.414
2 88.1811 111.074
2 88.1901 145.815
2 88.197 198.059
2 88.202 43.802
2 88.2248 57.4911
2 88.2422 51.8726
2 88.2615 43.0163
2 88.2848 1.23008

3 89.1038 97.8091
3 89.114 155.618
3 89.1204 125.408
3 89.1284 7.49569
3 89.2618 166.085
3 89.2678 159.795
3 89.2741 466.2
3 89.2763 248.385
3 89.2803 223.414
3 89.2848 543.774
3 89.2866 316.857
3 89.2897 103.295
3 89.2994 267.953
3 89.3032 459.137
3 89.3053 16.5887
3 89.3656 32.113
3 89.3968 637.349
3 89.3983 141.243
3 89.4054 595.238
3 89.4071 569.801
3 89.4088 478.24
3 89.4109 742.39
3 89.4123 493.097
3 89.4143 631.313
3 89.4159 295.77
3 89.4193 739.098
3 89.4206 254.842
3 89.4246 740.741
3 89.4259 266.241
3 89.4297 325.839
3 89.4327 190.476
3 89.438 171.116
3 89.4438 181.258
3 89.4493 551.876
3 89.4512 280.348
3 89.4547 125.125
3 89.4627 79.8977
3 89.4752 448.632
3 89.4775 287.109
3 89.4809 353.857
3 89.4838 134.246
3 89.4912 342.231
3 89.4941 332.336
3 89.4971 380.518
3 89.4998 382.263
3 89.5024 290.613
3 89.5058 175.716
3 89.5115 90.3342
3 89.5226 109.111
3 89.5318 292.654
3 89.5352 77.4833
3 89.5481 583.771
3 89.5498 193.461
3 89.555 210.04
3 89.5597 104.657
3 89.5693 116.144
3 89.5779 47.9134
3 89.5988 75.4831
3 89.612 417.711
3 89.6144 60.7386
3 89.6309 182.349
3 89.6363 630.12
3 89.6379 313.873
3 89.6411 865.801
3 89.6423 214.915
3 89.6469 248.016
3 89.651 202.265
3 89.6559 145.751
3 89.6628 281.057
3 89.6663 428.449
3 89.6687 470.146
3 89.6708 282.247
3 89.6743 268.601
3 89.6781 335.683
3 89.681 213.675
3 89.6857 160.488
3 89.6919 271.887
3 89.6956 97.0968
3 89.7059 641.026
3 89.7075 231.481
3 89.7118 637.349
3 89.7134 128.107
3 89.7212 213.129
3 89.7259 346.861
3 89.7287 102.501
3 89.7385 191.461
3 89.7437 483.092
3 89.7458 268.384
3 89.7495 382.263
3 89.7521 768.049
3 89.7534 339.098
3 89.7564 250.627
3 89.7604 179.308
3 89.766 152.975
3 89.7725 112.423
3 89.7814 125.078
3 89.7894 60.7829
3 89.8058 93.5016
3 89.8165 138.083
3 89.8238 99.3542
3 89.8338 60.9385
3 89.8502 154.392
3 89.8567 470.146
3 89.8589 315.358
3 89.862 282.008
3 89.8656 194.024
3 89.8707 457.875
3 89.8729 205.888
3 89.8778 156.274
3 89.8842 423.012
3 89.8865 320.513
3 89.8896 209.118
3 89.8944 33.728
3 89.9241 48.0654
3 89.9449 107.77
3 89.9542 347.947
3 89.957 98.561
3 89.9672 26.6283
3 90.0047 24.5296
3 90.0455 41.0408
3 90.0699 46.4188
3 90.0914 225.836
3 90.0958 190.585
3 90.1011 874.891
3 90.1022 237.586
3 90.1064 279.642
3 90.11 219.587
3 90.1146 246.914
3 90.1186 515.996
3 90.1206 226.142
3 90.125 103.103
3 90.1347 30.9157
3 90.167 133.601
3 90.1745 65.591
3 90.1898 48.4144
3 90.2104 95.6206
3 90.2209 18.808
3 90.274 11.1263
3 90.3639 1.35471

4 91.1124 134.735
4 91.1198 230.681
4 91.1242 143.802
4 91.1311 6.60171
4 91.2826 112.918
4 91.2915 211.64
4 91.2962 15.3158
4 91.3615 88.2768
4 91.3728 134.246
4 91.3803 240.327
4 91.3844 154.392
4 91.3909 82.8775
4 91.403 101.041
4 91.4129 393.546
4 91.4154 237.417
4 91.4196 608.273
4 91.4213 401.606
4 91.4237 185.805
4 91.4291 417.188
4 91.4315 259.403
4 91.4354 464.9
4 91.4375 575.705
4 91.4393 254.453
4 91.4432 220.751
4 91.4477 284.9
4 91.4512 464.253
4 91.4534 296.824
4 91.4568 234.577
4 91.461 143.062
4 91.468 337.041
4 91.471 158.655
4 91.4773 898.473
4 91.4784 531.632
4 91.4803 260.213
4 91.4841 604.961
4 91.4858 230.362
4 91.4901 254.453
4 91.494 192.345
4 91.4992 218.579
4 91.5038 294.724
4 91.5072 148.148
4 91.514 359.195
4 91.5167 276.855
4 91.5204 283.688
4 91.5239 330.36
4 91.5269 291.886
4 91.5303 220.167
4 91.5349 196.194
4 91.54 175.346
4 91.5457 204.123
4 91.5506 65.0787
4 91.5659 596.303
4 91.5676 385.802
4 91.5702 713.776
4 91.5716 57.4515
4 91.589 262.674
4 91.5928 271.003
4 91.5965 526.593
4 91.5984 130.259
4 91.6061 227.066
4 91.6105 269.687
4 91.6142 101.533
4 91.6241 294.724
4 91.6274 147.885
4 91.6342 563.063
4 91.636 148.743
4 91.6427 159.49
4 91.649 230.521
4 91.6533 89.823
4 91.6645 419.287
4 91.6668 207.426
4 91.6717 499.002
4 91.6737 424.088
4 91.676 381.825
4 91.6786 309.502
4 91.6819 302.206
4 91.6852 397.298
4 91.6877 162.92
4 91.6938 378.358
4 91.6965 277.085
4 91.7001 156.715
4 91.7065 678.887
4 91.7079 169.205
4 91.7138 341.18
4 91.7168 355.366
4 91.7196 146.843
4 91.7264 118.835
4 91.7348 226.912
4 91.7392 752.445
4 91.7406 317.158
4 91.7437 543.774
4 91.7455 400.641
4 91.748 173.34
4 91.7538 180.865
4 91.7593 421.941
4 91.7617 145.751
4 91.7686 241.022
4 91.7727 501.253
4 91.7747 164.285
4 91.7808 433.463
4 91.7831 138.485
4 91.7903 515.996
4 91.7923 93.8174
4 91.8029 295.247
4 91.8063 188.005
4 91.8116 226.603
4 91.816 253.872
4 91.82 96.7305
4 91.8303 100.19
4 91.8403 152.207
4 91.8469 209.249
4 91.8517 846.024
4 91.8528 393.546
4 91.8554 60.0276
4 91.872 104.395
4 91.8816 102.375
4 91.8914 122.504
4 91.8995 11.0033
4 91.9904 102.69
4 92.0002 819.001
4 92.0014 202.511
4 92.0063 688.705
4 92.0078 433.463
4 92.0101 345.781
4 92.013 288.351
4 92.0164 681.663
4 92.0179 252.334
4 92.0219 183.554
4 92.0273 152.625
4 92.0339 608.273
4 92.0355 91.4997
4 92.0464 297.354
4 92.0498 88.9126
4 92.0611 184.162
4 92.0665 153.468
4 92.073 264.76
4 92.0768 52.6094
4 92.0958 7.64666
4 92.2266 65.4879
4 92.2418 200.2
4 92.2468 235.738
4 92.2511 571.755
4 92.2528 213.675
4 92.2575 199.481
4 92.2625 175.346
4 92.2682 115.62
4 92.2769 72.9235
4 92.2906 49.0557
4 92.311 3.97407
4 92.5626 1.87809

5 93.1061 88.8415
5 93.1174 6.94155
5 93.2614 271.223
5 93.2651 558.347
5 93.2669 350.508
5 93.2697 153.822
5 93.2762 117.578
5 93.2848 189.072
5 93.29 60.8939
5 93.3065 8.73584
5 93.4209 160.565
5 93.4272 169.635
5 93.4331 665.336
5 93.4346 216.732
5 93.4392 126.454
5 93.4471 355.745
5 93.4499 280.112
5 93.4535 221.19
5 93.458 253.485
5 93.4619 326.477
5 93.465 292.654
5 93.4684 199.124
5 93.4734 380.084
5 93.4761 201.654
5 93.481 210.438
5 93.4858 270.124
5 93.4895 240.674
5 93.4936 282.965
5 93.4972 169.722
5 93.5031 125.125
5 93.511 175.254
5 93.5168 129.752
5 93.5245 457.247
5 93.5267 310.655
5 93.5299 239.464
5 93.534 445.633
5 93.5363 174.064
5 93.542 45.5498
5 93.564 117.33
5 93.5725 127.518
5 93.5804 172.891
5 93.5861 413.565
5 93.5886 46.0342
5 93.6103 143.369
5 93.6173 94.0291
5 93.6279 201.898
5 93.6328 245.821
5 93.6369 205.255
5 93.6418 361.925
5 93.6445 168.095
5 93.6505 370.37
5 93.6532 377.929
5 93.6558 140.233
5 93.663 167.757
5 93.6689 210.438
5 93.6737 475.511
5 93.6758 250.627
5 93.6798 195.618
5 93.6849 247.28
5 93.6889 301.386
5 93.6923 321.13
5 93.6954 207.555
5 93.7002 343.289
5 93.7031 296.033
5 93.7065 164.935
5 93.7125 221.337
5 93.7171 110.375
5 93.7261 161.108
5 93.7323 368.324
5 93.735 285.633
5 93.7385 276.167
5 93.7422 380.952
5 93.7448 127.033
5 93.7527 122.19
5 93.7608 850.34
5 93.762 77.7907
5 93.7749 416.667
5 93.7773 93.7383
5 93.7879 120.729
5 93.7962 103.423
5 93.8059 75.0075
5 93.8192 154.679
5 93.8257 215.889
5 93.8303 19.1527
5 93.8825 50.8751
5 93.9022 517.598
5 93.9041 78.4868
5 93.9169 315.358
5 93.92 327.118
5 93.9231 406.504
5 93.9255 224.467
5 93.93 669.344
5 93.9315 285.388
5 93.935 451.671
5 93.9372 320.821
5 93.9403 273.448
5 93.944 913.242
5 93.9451 418.76
5 93.9475 138.255
5 93.9547 311.236
5 93.9579 420.345
5 93.9603 130.259
5 93.968 176.741
5 93.9736 129.904
5 93.9813 218.866
5 93.9859 76.8935
5 93.9989 48.1626
5 94.0197 5.38573
5 94.2053 1.01954

6 95.2074 50.4058
6 95.2272 79.6495
6 95.2398 107.423
6 95.2491 13.4876
6 95.3232 322.061
6 95.3263 31.5447
6 95.358 53.3163
6 95.3768 22.7764
6 95.4207 586.854
6 95.4224 60.9496
6 95.4388 318.674
6 95.4419 652.316
6 95.4435 130.31
6 95.4512 359.971
6 95.4539 104.789
6 95.4635 474.158
6 95.4656 604.961
6 95.4672 264.76
6 95.471 447.427
6 95.4733 96.7305
6 95.4836 94.9938
6 95.4941 80.3019
6 95.5066 69.6476
6 95.5209 504.286
6 95.5229 227.066
6 95.5273 273.898
6 95.531 398.248
6 95.5335 127.518
6 95.5413 99.8303
6 95.5513 145.624
6 95.5582 244.559
6 95.5623 431.22
6 95.5646 247.463
6 95.5687 174.703
6 95.5744 649.773
6 95.5759 196.425
6 95.581 182.949
6 95.5865 504.286
6 95.5885 361.533
6 95.5912 357.27
6 95.594 224.467
6 95.5985 134.789
6 95.6059 370.37
6 95.6086 133.44
6 95.6161 651.042
6 95.6176 173.974
6 95.6234 171.028
6 95.6292 581.734
6 95.6309 62.282
6 95.647 254.647
6 95.6509 203.128
6 95.6558 518.403
6 95.6578 235.405
6 95.662 92.773
6 95.6728 280.348
6 95.6764 355.366
6 95.6792 262.467
6 95.683 132.591
6 95.6905 165.344
6 95.6966 135.062
6 95.704 752.445
6 95.7053 136.556
6 95.7126 292.398
6 95.7161 303.859
6 95.7193 158.957
6 95.7256 192.901
6 95.7308 221.484
6 95.7353 83.7942
6 95.7473 941.62
6 95.7483 105.419
6 95.7578 67.3265
6 95.7727 124.797
6 95.7807 324.886
6 95.7838 80.5542
6 95.7962 204.374
6 95.8011 393.546
6 95.8036 169.463
6 95.8095 369.549
6 95.8122 138.543
6 95.8194 370.782
6 95.8221 208.725
6 95.8269 114.116
6 95.8357 131.027
6 95.8433 99.8901
6 95.8533 235.905
6 95.8576 173.43
6 95.8633 515.996
6 95.8653 122.279
6 95.8735 337.724
6 95.8764 346.861
6 95.8793 282.008
6 95.8828 112.613
6 95.8917 177.305
6 95.8974 342.936
6 95.9003 624.22
6 95.9019 191.022
6 95.9071 173.521
6 95.9129 285.388
6 95.9164 550.964
6 95.9182 537.634
6 95.9201 219.443
6 95.9246 366.3
6 95.9273 146.391
6 95.9342 280.348
6 95.9377 413.565
6 95.9402 254.842
6 95.9441 606.061
6 95.9457 335.345
6 95.9487 262.674
6 95.9525 279.877
6 95.9561 327.761
6 95.9591 336.7
6 95.9621 491.642
6 95.9642 448.029
6 95.9664 239.981
6 95.9705 434.028
6 95.9729 207.039
6 95.9777 422.476
6 95.9801 515.996
6 95.982 388.954
6 95.9846 369.549
6 95.9873 213.812
6 95.9919 1054.85
6 95.9929 129.55
6 96.0006 309.215
6 96.0038 176.087
6 96.0095 91.9033
6 96.0204 83.5003
6 96.0324 419.815
6 96.0348 82.5696
6 96.0469 337.382
6 96.0498 381.388
6 96.0525 223.115
6 96.0569 7.22658
6 96.1953 33.3667
6 96.2253 236.239
6 96.2295 163.399
6 96.2356 161.186
6 96.2418 179.115
6 96.2474 955.11
6 96.2485 126.55
6 96.2564 418.235
6 96.2588 161.891
6 96.2649 811.03
6 96.2662 124.378
6 96.2742 194.932
6 96.2793 55.371
6 96.2974 18.5732
6 96.3512 1.32747

7 97.1235 6.74818
7 97.2717 16.8333
7 97.3311 22.6912
7 97.3751 117.619
7 97.3836 19.8708
7 97.434 69.808
7 97.4483 81.2216
7 97.4606 78.4129
7 97.4733 594.177
7 97.475 200.803
7 97.48 598.444
7 97.4817 563.063
7 97.4835 500.501
7 97.4855 231.481
7 97.4898 287.109
7 97.4933 122.459
7 97.5014 349.773
7 97.5043 175.623
7 97.51 410.004
7 97.5124 361.925
7 97.5152 235.738
7 97.5194 549.149
7 97.5212 549.149
7 97.5231 156.789
7 97.5294 843.882
7 97.5306 206.271
7 97.5355 407.997
7 97.5379 318.37
7 97.5411 188.857
7 97.5464 171.38
7 97.5522 644.745
7 97.5537 279.642
7 97.5573 224.014
7 97.5618 169.635
7 97.5677 256.213
7 97.5716 451.671
7 97.5738 570.776
7 97.5756 87.535
7 97.587 180.375
7 97.5925 520.021
7 97.5944 457.875
7 97.5966 315.956
7 97.5998 222.37
7 97.6043 404.531
7 97.6068 199.84
7 97.6118 193.013
7 97.6169 120.38
7 97.6253 203.128
7 97.6302 321.75
7 97.6333 260.417
7 97.6371 118.413
7 97.6456 239.464
7 97.6497 76.4
7 97.6628 169.463
7 97.6687 700.28
7 97.6702 485.201
7 97.6722 213.95
7 97.6769 329.381
7 97.6799 295.247
7 97.6833 330.033
7 97.6864 430.108
7 97.6887 293.686
7 97.6921 386.698
7 97.6947 309.502
7 97.6979 353.857
7 97.7007 263.089
7 97.7045 237.925
7 97.7087 346.5
7 97.7116 193.911
7 97.7168 259.403
7 97.7206 117.536
7 97.7291 512.821
7 97.7311 200.08
7 97.7361 172.622
7 97.7419 303.03
7 97.7452 446.229
7 97.7474 273
7 97.7511 1071.81
7 97.752 275.482
7 97.7556 309.789
7 97.7589 234.742
7 97.7631 182.849
7 97.7686 565.931
7 97.7704 273
7 97.774 483.793
7 97.7761 484.496
7 97.7782 515.198
7 97.7801 326.797
7 97.7832 207.555
7 97.788 354.61
7 97.7908 233.427
7 97.7951 408.998
7 97.7975 216.873
7 97.8021 153.752
7 97.8086 469.484
7 97.8108 183.251
7 97.8162 143.988
7 97.8232 115.38
7 97.8318 89.6781
7 97.843 41.6563
7 97.867 94.9397
7 97.8775 253.485
7 97.8815 128.65
7 97.8893 18.9761
7 97.9419 98.5028
7 97.9521 121.212
7 97.9604 38.9818
7 97.986 50.2841
7 98.0059 35.3519
7 98.0342 60.1142
7 98.0508 910.747
7 98.0519 105.719
7 98.0614 122.73
7 98.0695 33.2303
7 98.0996 245.64
7 98.1037 67.6682
7 98.1185 57.0483
7 98.136 174.155
7 98.1417 20.9223
7 98.1895 8.4207
7 98.3083 14.9196
7 98.3753 27.0937
7 98.4122 1.34453

8 99.165 75.3807
8 99.1783 137.514
8 99.1856 27.3023
8 99.2222 91.1494
8 99.2332 32.5013
8 99.2639 5.28865
8 99.453 67.4627
8 99.4678 51.6716
8 99.4872 186.22
8 99.4926 534.188
8 99.4944 244.918
8 99.4985 66.2032
8 99.5136 224.77
8 99.5181 110.448
8 99.5271 102.69
8 99.5369 165.508
8 99.5429 136.221
8 99.5502 500.501
8 99.5522 105.585
8 99.5617 201.045
8 99.5667 275.028
8 99.5703 504.286
8 99.5723 157.53
8 99.5786 354.61
8 99.5815 273.673
8 99.5851 451.671
8 99.5873 184.264
8 99.5928 685.871
8 99.5942 98.9413
8 99.6043 401.606
8 99.6068 138.831
8 99.614 351.247
8 99.6169 175.439
8 99.6226 801.282
8 99.6238 179.501
8 99.6294 275.482
8 99.633 154.107
8 99.6395 180.375
8 99.6451 172.354
8 99.6509 100.827
8 99.6608 216.029
8 99.6654 159.642
8 99.6717 344.709
8 99.6746 212.585
8 99.6793 179.695
8 99.6848 747.384
8 99.6862 485.201
8 99.6882 256.016
8 99.6921 178.444
8 99.6977 324.57
8 99.7008 529.101
8 99.7027 123.32
8 99.7108 155.255
8 99.7173 280.82
8 99.7208 412.541
8 99.7232 784.314
8 99.7245 232.775
8 99.7288 256.016
8 99.7327 286.123
8 99.7362 450.45
8 99.7384 86.423
8 99.75 288.351
8 99.7535 122.956
8 99.7616 210.172
8 99.7664 327.118
8 99.7694 372.856
8 99.7721 695.894
8 99.7735 218.436
8 99.7781 521.648
8 99.78 272.331
8 99.7837 275.482
8 99.7873 775.194
8 99.7886 193.461
8 99.7938 181.357
8 99.7993 225.836
8 99.8037 321.75
8 99.8069 841.751
8 99.808 230.681
8 99.8124 217.014
8 99.817 372.439
8 99.8197 158.504
8 99.826 156.421
8 99.8324 240.327
8 99.8365 497.512
8 99.8385 180.766
8 99.8441 423.549
8 99.8464 132.275
8 99.854 114.508
8 99.8627 165.098
8 99.8688 140.706
8 99.8759 130.514
8 99.8836 68.686
8 99.8981 174.338
8 99.9038 116.347
8 99.9124 46.1489
8 99.9341 163.159
8 99.9402 45.2468
8 99.9623 56.3253
8 99.9801 27.7917
8 100.016 181.159
8 100.022 51.8162
8 100.041 92.8505
8 100.052 55.1968
8 100.07 115.58
8 100.078 175.994
8 100.084 447.427
8 100.086 435.161
8 100.089 377.074
8 100.091 148.082
8 100.098 186.012
8 100.103 230.681
8 100.108 651.042
8 100.109 425.713
8 100.112 365.097
8 100.114 127.91
8 100.122 189.717
8 100.127 86.8508
8 100.139 58.1226
8 100.156 66.4805
8 100.171 101.595
8 100.181 249.875
8 100.185 153.539
8 100.192 89.9442
8 100.203 25.2583
8 100.242 26.9687
8 100.279 42.3657
8 100.303 1.06932

9 101.296 13.4838
9 101.371 15.2982
9 101.436 285.633
9 101.44 219.298
9 101.444 282.247
9 101.448 170.765
9 101.453 459.137
9 101.456 124.054
9 101.464 552.792
9 101.466 135.888
9 101.473 76.2777
9 101.486 106.735
9 101.495 120.904
9 101.504 82.4878
9 101.516 65.9805
9 101.531 58.7165
9 101.548 139.821
9 101.555 103.552
9 101.565 165.508
9 101.571 196.078
9 101.576 142.633
9 101.583 697.35
9 101.584 239.12
9 101.589 89.8715
9 101.6 79.4597
9 101.612 286.615
9 101.616 262.467
9 101.62 123.183
9 101.628 217.723
9 101.632 550.055
9 101.634 202.265
9 101.639 162.602
9 101.645 218.579
9 101.65 174.064
9 101.655 527.426
9 101.657 276.167
9 101.661 392.157
9 101.664 194.477
9 101.669 248.571
9 101.673 151.24
9 101.679 157.011
9 101.686 490.918
9 101.688 140.944
9 101.695 546.448
9 101.697 88.6525
9 101.708 104.493
9 101.717 213.402
9 101.722 180.278
9 101.728 165.508
9 101.734 236.574
9 101.738 254.647
9 101.742 169.635
9 101.748 184.162
9 101.753 208.203
9 101.758 651.042
9 101.76 96.9838
9 101.77 208.855
9 101.775 490.918
9 101.777 186.428
9 101.782 194.704
9 101.787 207.297
9 101.792 628.931
9 101.794 128.8
9 101.801 83.1048
9 101.813 70.0574
9 101.828 179.888
9 101.833 653.595
9 101.835 210.97
9 101.84 237.925
9 101.844 289.855
9 101.847 127.081
9 101.855 118.078
9 101.864 117.165
9 101.872 240.848
9 101.876 415.628
9 101.879 88.4408
9 101.89 174.795
9 101.896 137.855
9 101.903 206.143
9 101.908 418.235
9 101.91 116.795
9 101.919 617.284
9 101.92 294.464
9 101.924 724.638
9 101.925 443.853
9 101.927 148.943
9 101.934 580.72
9 101.936 371.609
9 101.938 282.725
9 101.942 160.643
9 101.948 93.188
9 101.959 441.501
9 101.961 383.583
9 101.964 110.084
9 101.973 428.449
9 101.975 521.648
9 101.977 162.285
9 101.983 71.1339
9 101.997 117.041
9 102.006 98.7362
9 102.016 15.0319
9 102.083 15.7166
9 102.146 20.4236
9 102.195 12.8398
9 102.273 15.936
9 102.336 1.04963

10 103.324 11.9969
10 103.407 18.5052
10 103.461 201.776
10 103.466 134.138
10 103.474 427.899
10 103.476 54.0336
10 103.495 1035.2
10 103.496 294.464
10 103.499 198.649
10 103.504 236.239
10 103.508 548.246
10 103.51 368.732
10 103.513 205.888
10 103.518 151.791
10 103.524 121.61
10 103.533 319.591
10 103.536 249.501
10 103.54 117.288
10 103.548 279.642
10 103.552 125.881
10 103.56 165.59
10 103.566 494.56
10 103.568 278.94
10 103.571 298.418
10 103.575 464.9
10 103.577 254.065
10 103.581 97.6372
10 103.591 226.757
10 103.595 137.855
10 103.603 159.261
10 103.609 206.526
10 103.614 271.665
10 103.618 334.001
10 103.621 332.005
10 103.624 298.151
10 103.627 118.078
10 103.635 183.857
10 103.641 120.337
10 103.649 413.565
10 103.652 135.336
10 103.659 203.625
10 103.664 330.688
10 103.667 158.579
10 103.673 321.44
10 103.676 721.501
10 103.678 401.606
10 103.68 211.104
10 103.685 543.774
10 103.687 120.38
10 103.695 136.893
10 103.702 179.791
10 103.708 315.06
10 103.711 147.493
10 103.718 126.502
10 103.726 176.18
10 103.731 111.52
10 103.74 75.2445
10 103.754 227.376
10 103.758 369.549
10 103.761 131.441
10 103.768 244.2
10 103.772 61.4666
10 103.789 155.909
10 103.795 146.071
10 103.802 47.5172
10 103.823 156.348
10 103.829 555.556
10 103.831 17.7892
10 103.887 89.8473
10 103.899 77.7726
10 103.911 102.218
10 103.921 112.233
10 103.93 169.808
10 103.936 347.222
10 103.939 228.938
10 103.943 695.894
10 103.945 196.309
10 103.95 318.674
10 103.953 183.15
10 103.958 376.648
10 103.961 290.36
10 103.965 75.9648
10 103.978 60.2773
10 103.994 48.2952
10 104.015 64.2261
10 104.031 87.581
10 104.042 22.3264
10 104.087 15.1777
10 104.153 59.8874
10 104.169 26.6326
10 104.207 21.4652
10 104.253 0.011798

11 189.039 148.544
11 189.045 219.587
11 189.05 39.801
11 189.075 134.463
11 189.082 280.112
11 189.086 242.777
11 189.09 160.333
11 189.096 150.015
11 189.103 161.655
11 189.109 560.224
11 189.111 131.234
11 189.119 162.681
11 189.125 235.239
11 189.129 143.616
11 189.136 257.798
11 189.14 418.76
11 189.142 373.274
11 189.145 213.95
11 189.15 220.313
11 189.154 170.59
11 189.16 219.298
11 189.164 499.75
11 189.167 414.079
11 189.169 137.571
11 189.176 189.502
11 189.181 229.095
11 189.186 225.53
11 189.19 252.334
11 189.194 211.104
11 189.199 470.146
11 189.201 757.576
11 189.202 265.182
11 189.206 718.391
11 189.208 194.932
11 189.213 369.549
11 189.215 161.577
11 189.222 98.561
11 189.232 161.655
11 189.238 174.246
11 189.244 160.565
11 189.25 431.22
11 189.252 391.696
11 189.255 559.284
11 189.257 488.043
11 189.259 278.474
11 189.262 136.277
11 189.27 183.15
11 189.275 459.77
11 189.277 153.894
11 189.284 674.764
11 189.285 125.125
11 189.293 148.876
11 189.3 108.05
11 189.309 82.713
11 189.321 182.249
11 189.327 237.417
11 189.331 68.362
11 189.346 71.8236
11 189.359 39.4058
11 189.385 385.356
11 189.387 172.087
11 189.393 232.612
11 189.398 673.401
11 189.399 353.482
11 189.402 247.831
11 189.406 161.97
11 189.412 310.078
11 189.415 74.5379
11 189.429 480.307
11 189.431 541.126
11 189.433 308.928
11 189.436 106.633
11 189.445 191.571
11 189.45 65.2061
11 189.466 141.663
11 189.473 119.947
11 189.481 179.115
11 189.487 839.631
11 189.488 319.591
11 189.491 209.249
11 189.496 83.8785
11 189.508 76.646
11 189.521 35.685
11 189.549 74.8895
11 189.562 204.876
11 189.567 387.147
11 189.57 121.389
11 189.578 249.501
11 189.582 227.066
11 189.586 290.613
11 189.59 326.797
11 189.593 478.24
11 189.595 94.7239
11 189.605 128.057
11 189.613 556.483
11 189.615 16.3007
11 189.676 99.7705
11 189.686 27.5642
11 189.723 274.574
11 189.726 108.719
11 189.736 195.274
11 189.741 233.263
11 189.745 180.865
11 189.751 186.428
11 189.756 336.7
11 189.759 353.857
11 189.762 366.703
11 189.764 424.628
11 189.767 949.668
11 189.768 160.565
11 189.774 430.108
11 189.776 174.886
11 189.782 70.2198
11 189.796 29.3169
11 189.83 57.4119
11 189.848 402.091
11 189.85 110.339
11 189.859 60.4412
11 189.876 11.846
11 189.96 28.9805
11 189.995 1.1446

12 190.873 113.186
12 190.882 154.321
12 190.888 175.439
12 190.894 360.75
12 190.897 185.701
12 190.902 128.75
12 190.91 529.101
12 190.912 158.428
12 190.918 100.796
12 190.928 33.3634
12 190.958 8.34272
12 191.078 177.022
12 191.083 198.768
12 191.088 179.115
12 191.094 311.526
12 191.097 483.793
12 191.099 185.494
12 191.105 227.376
12 191.109 234.412
12 191.113 476.872
12 191.115 155.328
12 191.122 231.481
12 191.126 133.601
12 191.134 194.59
12 191.139 211.372
12 191.143 156.201
12 191.15 222.965
12 191.154 204.876
12 191.159 209.908
12 191.164 105.787
12 191.173 218.15
12 191.178 227.376
12 191.182 210.704
12 191.187 180.083
12 191.193 189.072
12 191.198 192.345
12 191.203 200.562
12 191.208 163.239
12 191.214 156.274
12 191.221 153.116
12 191.227 162.602
12 191.233 327.118
12 191.236 296.56
12 191.24 182.749
12 191.245 346.5
12 191.248 388.5
12 191.251 217.439
12 191.255 579.71
12 191.257 208.333
12 191.262 197.122
12 191.267 160.72
12 191.273 567.859
12 191.275 680.272
12 191.276 267.523
12 191.28 715.308
12 191.282 174.064
12 191.287 81.4001
12 191.3 152.975
12 191.306 223.115
12 191.311 123.138
12 191.319 134.409
12 191.326 250.815
12 191.33 379.651
12 191.333 202.881
12 191.338 143.123
12 191.345 115.101
12 191.353 615.006
12 191.355 110.926
12 191.364 45.2837
12 191.386 32.6126
12 191.417 36.5898
12 191.444 47.5647
12 191.465 139.063
12 191.472 134.246
12 191.48 205.128
12 191.485 182.749
12 191.49 165.755
12 191.496 447.427
12 191.498 145.751
12 191.505 175.07
12 191.511 364.299
12 191.514 177.399
12 191.519 791.766
12 191.521 258.198
12 191.524 476.19
12 191.527 474.834
12 191.529 251.004
12 191.533 235.405
12 191.537 134.789
12 191.544 361.141
12 191.547 188.005
12 191.552 251.193
12 191.556 151.103
12 191.563 216.029
12 191.568 404.04
12 191.57 761.035
12 191.571 196.773
12 191.577 98.0681
12 191.587 240.674
12 191.591 190.803
12 191.596 34.2759
12 191.625 287.356
12 191.629 77.0357
12 191.642 111.185
12 191.651 273
12 191.654 44.08
12 191.677 99.6512
12 191.687 41.0509
12 191.712 42.2155
12 191.735 110.926
12 191.744 29.4308
12 191.778 359.195
12 191.781 33.3801
12 191.811 33.7929
12 191.841 88.3002
12 191.852 27.5209
12 191.888 4.14357
12 192.13 229.727
12 192.134 165.017
12 192.14 189.609
12 192.145 193.125
12 192.15 138.485
12 192.158 91.3993
12 192.169 154.036
12 192.175 210.172
12 192.18 332.668
12 192.183 457.875
12 192.185 204.499
12 192.19 407
12 192.192 240.327
12 192.196 185.494
12 192.202 364.299
12 192.205 296.033
12 192.208 382.702
12 192.211 188.964
12 192.216 342.231
12 192.219 189.609
12 192.224 757.576
12 192.225 52.5183
12 192.244 247.097
12 192.249 197.122
12 192.254 159.109
12 192.26 70.3087
12 192.274 202.388
12 192.279 1.96491

13 192.794 438.596
13 192.797 369.14
13 192.799 283.206
13 192.803 109.29
13 192.812 323.311
13 192.815 141.904
13 192.822 120.163
13 192.83 283.206
13 192.834 20.245
13 192.883 9.07029
13 192.994 65.2316
13 193.009 168.35
13 193.015 989.12
13 193.016 221.484
13 193.02 375.375
13 193.023 262.261
13 193.027 217.155
13 193.031 207.555
13 193.036 742.39
13 193.038 190.694
13 193.043 116.836
13 193.051 422.476
13 193.054 85.7339
13 193.065 81.3802
13 193.078 39.9489
13 193.103 50.0125
13 193.123 18.2319
13 193.178 22.5545
13 193.222 80.7885
13 193.234 171.91
13 193.24 138.831
13 193.247 353.857
13 193.25 258.598
13 193.254 172.176
13 193.26 179.211
13 193.265 615.006
13 193.267 687.285
13 193.269 380.084
13 193.271 241.022
13 193.275 877.193
13 193.276 109.361
13 193.286 637.349
13 193.287 101.256
13 193.297 118.245
13 193.305 164.285
13 193.312 131.027
13 193.319 146.391
13 193.326 131.027
13 193.334 150.015
13 193.34 205.888
13 193.345 113.572
13 193.354 152.346
13 193.361 334.336
13 193.364 360.75
13 193.366 181.653
13 193.372 149.611
13 193.379 423.012
13 193.381 192.79
13 193.386 498.256
13 193.388 533.333
13 193.39 88.6289
13 193.401 233.427
13 193.406 559.284
13 193.407 172.176
13 193.413 777.001
13 193.414 123.64
13 193.422 253.872
13 193.426 555.556
13 193.428 238.265
13 193.432 938.967
13 193.433 171.028
13 193.439 169.205
13 193.445 317.46
13 193.448 588.928
13 193.45 259.403
13 193.454 326.158
13 193.457 187.266
13 193.462 339.098
13 193.465 326.158
13 193.468 192.234
13 193.474 351.247
13 193.476 552.792
13 193.478 135.007
13 193.486 302.48
13 193.489 517.598
13 193.491 145.37
13 193.498 742.39
13 193.499 371.609
13 193.502 498.256
13 193.504 196.773
13 193.509 361.141
13 193.512 400.16
13 193.514 199.601
13 193.519 898.473
13 193.52 214.777
13 193.525 217.297
13 193.53 112.994
13 193.538 208.073
13 193.543 353.857
13 193.546 499.75
13 193.548 74.7887
13 193.561 155.328
13 193.568 201.045
13 193.573 149.88
13 193.579 100.766
13 193.589 157.456
13 193.596 315.657
13 193.599 390.778
13 193.601 83.9419
13 193.613 363.504
13 193.616 131.648
13 193.624 47.3149
13 193.645 16.7935
13 193.704 70.7264
13 193.719 34.8238
13 193.747 135.062
13 193.755 162.522
13 193.761 163.881
13 193.767 286.369
13 193.77 701.754
13 193.772 670.691
13 193.773 388.5
13 193.776 382.263
13 193.779 223.264
13 193.783 431.779
13 193.785 213.675
13 193.79 734.214
13 193.791 254.842
13 193.795 220.751
13 193.8 402.091
13 193.802 70.5766
13 193.816 18.1544
13 193.872 7.94976
13 193.997 138.255
13 194.005 287.356
13 194.008 124.75
13 194.016 158.655
13 194.022 145.307
13 194.029 81.2018
13 194.042 246.731
13 194.046 186.951
13 194.051 886.525
13 194.052 264.76
13 194.056 1022.49
13 194.057 755.858
13 194.058 138.485
13 194.065 188.644
13 194.071 126.167
13 194.079 1.47331

14 194.765 128.949
14 194.772 127.959
14 194.78 162.999
14 194.786 150.218
14 194.793 6.9789
14 194.936 454.133
14 194.939 156.642
14 194.945 313.578
14 194.948 146.199
14 194.955 915.751
14 194.956 168.435
14 194.962 164.204
14 194.968 709.22
14 194.97 172.265
14 194.975 155.039
14 194.982 99.3542
14 194.992 142.755
14 194.999 8.73401
14 195.113 111.669
14 195.122 111.894
14 195.131 468.165
14 195.133 489.476
14 195.135 462.321
14 195.138 183.352
14 195.143 162.443
14 195.149 852.515
14 195.15 290.613
14 195.154 644.745
14 195.155 198.413
14 195.16 729.395
14 195.162 181.061
14 195.167 117.786
14 195.176 299.491
14 195.179 169.722
14 195.185 706.215
14 195.186 470.146
14 195.189 551.876
14 195.19 277.316
14 195.194 139.295
14 195.201 227.221
14 195.206 269.034
14 195.209 125.219
14 195.217 154.464
14 195.224 72.2596
14 195.238 45.556
14 195.259 113.148
14 195.268 100.22
14 195.278 185.908
14 195.284 88.7469
14 195.295 93.6067
14 195.306 458.505
14 195.308 45.1427
14 195.33 155.69
14 195.336 235.405
14 195.341 124.054
14 195.349 549.149
14 195.351 146.199
14 195.357 377.929
14 195.36 324.254
14 195.363 427.899
14 195.365 380.518
14 195.368 160.565
14 195.374 163.319
14 195.38 314.169
14 195.384 171.733
14 195.389 150.218
14 195.396 470.81
14 195.398 211.372
14 195.403 327.439
14 195.406 200.682
14 195.411 294.464
14 195.414 150.693
14 195.421 130.005
14 195.429 114.312
14 195.437 648.508
14 195.439 224.921
14 195.443 303.582
14 195.447 141.844
14 195.454 649.773
14 195.455 170.068
14 195.461 913.242
14 195.462 384.025
14 195.465 71.6538
14 195.479 977.517
14 195.48 309.789
14 195.483 81.88
14 195.495 50.8673
14 195.515 132.802
14 195.523 129.4
14 195.53 120.817
14 195.539 162.206
14 195.545 92.773
14 195.555 324.886
14 195.559 250.438
14 195.563 435.161
14 195.565 164.204
14 195.571 821.018
14 195.572 211.372
14 195.577 197.707
14 195.582 693.001
14 195.583 215.332
14 195.588 284.414
14 195.592 230.044
14 195.596 102.944
14 195.606 515.996
14 195.608 621.891
14 195.609 522.466
14 195.611 586.854
14 195.613 813.008
14 195.614 173.792
14 195.62 155.328
14 195.626 266.028
14 195.63 209.644
14 195.635 274.574
14 195.638 317.158
14 195.641 248.016
14 195.646 290.613
14 195.649 167.757
14 195.655 12.7523
14 195.733 60.4303
14 195.75 11.0511
14 195.84 707.714
14 195.842 423.012
14 195.844 535.045
14 195.846 150.218
14 195.853 138.37
14 195.86 193.125
14 195.865 109.075
14 195.874 196.889
14 195.879 87.1688
14 195.891 65.9674
14 195.906 8.13961
14 196.029 1.57405

15 197.113 129.45
15 197.121 595.238
15 197.123 715.308
15 197.124 316.256
15 197.127 171.821
15 197.133 349.406
15 197.136 233.754
15 197.14 273.448
15 197.144 79.1954
15 197.157 177.683
15 197.162 127.178
15 197.17 323.311
15 197.173 135.117
15 197.181 513.611
15 197.182 192.123
15 197.188 279.174
15 197.191 117.952
15 197.2 297.354
15 197.203 504.286
15 197.205 135.612
15 197.212 139.762
15 197.22 281.532
15 197.223 357.654
15 197.226 388.5
15 197.229 332.336
15 197.232 435.161
15 197.234 146.199
15 197.241 144.739
15 197.248 193.573
15 197.253 886.525
15 197.254 110.193
15 197.263 252.143
15 197.267 375.375
15 197.27 596.303
15 197.271 268.817
15 197.275 416.146
15 197.277 318.979
15 197.281 135.943
15 197.288 121.036
15 197.296 162.048
15 197.302 143
15 197.309 101.41
15 197.319 162.206
15 197.325 128.254
15 197.333 620.732
15 197.335 333.333
15 197.338 80.0705
15 197.35 89.2937
15 197.361 276.625
15 197.365 235.571
15 197.369 434.594
15 197.372 284.172
15 197.375 122.1
15 197.383 709.22
15 197.385 125.455
15 197.393 315.657
15 197.396 198.768
15 197.401 492.368
15 197.403 172.354
15 197.409 236.574
15 197.413 348.311
15 197.416 415.628
15 197.418 264.131
15 197.422 351.617
15 197.425 176.835
15 197.43 520.021
15 197.432 322.373
15 197.436 394.011
15 197.438 204.625
15 197.443 137.4
15 197.45 93.7119
15 197.461 186.012
15 197.466 198.177
15 197.471 256.213
15 197.475 577.701
15 197.477 206.016
15 197.482 171.733
15 197.488 513.611
15 197.49 472.813
15 197.492 121.699
15 197.5 266.241
15 197.504 144.488
15 197.511 148.148
15 197.517 141.784
15 197.524 57.2344
15 197.542 154.607
15 197.548 48.2742
15 197.569 46.0596
15 197.591 269.687
15 197.594 50.4898
15 197.614 138.313
15 197.621 51.1718
15 197.641 30.0273
15 197.674 14.8386
15 197.742 98.7362
15 197.752 159.185
15 197.758 22.8545
15 197.802 27.571
15 197.838 15.2765
15 197.904 14.8564
15 197.971 13.1166
15 198.047 44.7307
15 198.07 1.69385

16 199.157 445.633
16 199.16 71.7618
16 199.174 246.731
16 199.178 105.585
16 199.187 92.4898
16 199.198 100.13
16 199.208 88.5347
16 199.219 106.496
16 199.229 149.41
16 199.235 156.863
16 199.242 151.999
16 199.248 158.806
16 199.255 440.335
16 199.257 103.616
16 199.267 156.642
16 199.273 144.363
16 199.28 238.607
16 199.284 352.734
16 199.287 216.31
16 199.291 196.425
16 199.297 273
16 199.3 134.735
16 199.308 87.6962
16 199.319 259.605
16 199.323 144.613
16 199.33 543.774
16 199.332 303.306
16 199.335 316.256
16 199.338 136.836
16 199.345 559.284
16 199.347 123.001
16 199.355 131.909
16 199.363 108.719
16 199.372 273
16 199.376 222.965
16 199.38 222.37
16 199.385 241.546
16 199.389 130.822
16 199.397 217.297
16 199.401 154.967
16 199.408 144.613
16 199.415 221.484
16 199.419 89.6298
16 199.43 328.084
16 199.433 431.22
16 199.436 157.011
16 199.442 471.476
16 199.444 266.88
16 199.448 111
16 199.457 374.111
16 199.459 130.107
16 199.467 294.464
16 199.471 479.616
16 199.473 624.22
16 199.474 116.673
16 199.483 132.433
16 199.49 508.13
16 199.492 329.056
16 199.495 837.521
16 199.497 141.904
16 199.504 199.72
16 199.509 124.471
16 199.517 326.797
16 199.52 59.3859
16 199.537 701.754
16 199.538 331.675
16 199.541 336.022
16 199.544 108.826
16 199.553 240.154
16 199.557 191.681
16 199.563 240.154
16 199.567 95.2381
16 199.577 732.601
16 199.579 209.776
16 199.583 194.137
16 199.589 241.896
16 199.593 167.084
16 199.599 94.509
16 199.609 618.429
16 199.611 354.233
16 199.614 266.241
16 199.617 232.288
16 199.622 184.06
16 199.627 268.817
16 199.631 229.253
16 199.635 388.048
16 199.638 214.777
16 199.642 155.982
16 199.649 198.177
16 199.654 660.066
16 199.655 207.684
16 199.66 275.255
16 199.664 729.395
16 199.665 203.998
16 199.67 212.044
16 199.675 617.284
16 199.676 281.532
16 199.68 636.132
16 199.682 128.551
16 199.689 42.8229
16 199.713 179.308
16 199.718 390.32
16 199.721 107.181
16 199.73 203.004
16 199.735 316.256
16 199.738 91.3993
16 199.749 277.778
16 199.753 168.862
16 199.759 116.509
16 199.767 11.0018
16 199.858 11.7165
16 199.944 151.584
16 199.95 162.999
16 199.956 224.467
16 199.961 642.261
16 199.962 153.539
16 199.969 77.3395
16 199.982 179.888
16 199.987 102.47
16 199.997 757.576
16 199.998 44.7788
16 200.021 78.376
16 200.034 24.9277
16 200.074 1.57714

17 200.719 98.8826
17 200.729 92.7988
17 200.74 103.648
17 200.75 5.13445
17 200.944 468.823
17 200.947 61.5801
17 200.963 156.642
17 200.969 116.266
17 200.978 82.672
17 200.99 687.285
17 200.991 119.005
17 201 60.6281
17 201.016 82.5491
17 201.028 32.0328
17 201.06 19.1
17 201.112 233.1
17 201.116 36.4857
17 201.144 335.345
17 201.147 68.0272
17 201.161 98.7362
17 201.171 157.754
17 201.178 112.765
17 201.187 205.128
17 201.192 159.566
17 201.198 221.484
17 201.202 263.713
17 201.206 190.913
17 201.211 235.571
17 201.216 451.06
17 201.218 442.674
17 201.22 285.388
17 201.224 208.594
17 201.228 96.8148
17 201.239 84.0477
17 201.251 208.725
17 201.255 257.998
17 201.259 152.068
17 201.266 179.211
17 201.271 158.881
17 201.278 118.878
17 201.286 125.36
17 201.294 119.603
17 201.302 476.19
17 201.305 318.979
17 201.308 184.98
17 201.313 208.855
17 201.318 312.402
17 201.321 298.418
17 201.324 676.133
17 201.326 153.398
17 201.332 183.857
17 201.338 232.937
17 201.342 207.426
17 201.347 330.688
17 201.35 304.971
17 201.353 132.749
17 201.361 266.028
17 201.365 247.097
17 201.369 200.682
17 201.374 651.042
17 201.375 361.533
17 201.378 191.131
17 201.383 198.059
17 201.388 241.546
17 201.392 443.853
17 201.395 402.091
17 201.397 270.783
17 201.401 742.39
17 201.402 105.02
17 201.412 155.4
17 201.418 237.586
17 201.422 85.6238
17 201.434 477.555
17 201.436 168.095
17 201.442 97.0403
17 201.452 81.0045
17 201.465 73.1636
17 201.478 201.045
17 201.483 594.177
17 201.485 170.853
17 201.491 300.3
17 201.494 88.1368
17 201.506 524.934
17 201.507 135.943
17 201.515 295.77
17 201.518 203.749
17 201.523 165.098
17 201.529 327.439
17 201.532 164.935
17 201.538 353.482
17 201.541 182.349
17 201.547 212.857
17 201.551 209.118
17 201.556 749.064
17 201.557 309.215
17 201.561 380.084
17 201.563 79.3462
17 201.576 112.956
17 201.585 76.8403
17 201.598 21.5513
17 201.644 279.642
17 201.648 280.348
17 201.651 65.3723
17 201.667 14.3864
17 201.736 28.0112
17 201.772 202.02
17 201.777 501.253
17 201.779 540.249
17 201.781 918.274
17 201.782 505.051
17 201.784 207.684
17 201.788 345.423
17 201.791 203.004
17 201.796 176.367
17 201.802 15.3723
17 201.867 1.1383

18 202.752 56.9217
18 202.77 5.67241
18 202.946 18.9276
18 202.999 36.8243
18 203.026 12.998
18 203.103 72.7484
18 203.117 135.999
18 203.124 291.121
18 203.128 181.159
18 203.133 492.368
18 203.135 253.678
18 203.139 384.468
18 203.142 145.37
18 203.149 268.601
18 203.152 316.256
18 203.156 276.167
18 203.159 447.427
18 203.161 269.906
18 203.165 292.141
18 203.169 463.607
18 203.171 272.331
18 203.174 296.824
18 203.178 396.825
18 203.18 316.556
18 203.183 383.583
18 203.186 118.203
18 203.195 191.241
18 203.2 248.201
18 203.204 159.872
18 203.21 179.695
18 203.216 108.719
18 203.225 155.039
18 203.231 183.453
18 203.237 846.024
18 203.238 311.818
18 203.241 73.5186
18 203.255 83.8364
18 203.267 38.1257
18 203.293 272.554
18 203.296 81.4001
18 203.309 100.553
18 203.319 777.001
18 203.32 399.68
18 203.323 264.971
18 203.326 262.467
18 203.33 442.087
18 203.332 192.123
18 203.338 633.714
18 203.339 226.142
18 203.344 241.721
18 203.348 295.77
18 203.351 160.333
18 203.357 261.849
18 203.361 147.102
18 203.368 144.175
18 203.375 236.911
18 203.379 266.667
18 203.383 103.199
18 203.393 123.274
18 203.401 124.75
18 203.409 161.342
18 203.415 117.082
18 203.423 83.5003
18 203.435 194.818
18 203.441 102.03
18 203.45 119.732
18 203.459 63.1792
18 203.474 24.0778
18 203.516 18.5463
18 203.57 209.38
18 203.575 193.573
18 203.58 186.637
18 203.585 315.956
18 203.588 377.929
18 203.591 200.2
18 203.596 115.54
18 203.605 165.426
18 203.611 26.3943
18 203.649 48.2602
18 203.669 81.6193
18 203.682 30.0354
18 203.715 35.8461
18 203.743 18.6282
18 203.796 96.2001
18 203.807 263.505
18 203.811 173.974
18 203.816 180.766
18 203.822 200.682
18 203.827 193.125
18 203.832 129.149
18 203.84 10.1815
18 203.938 43.2563
18 203.961 85.2297
18 203.973 1.17557

19 204.949 8.61972
19 205.065 17.6582
19 205.122 105.887
19 205.131 64.587
19 205.147 265.182
19 205.151 306.654
19 205.154 258.598
19 205.158 97.1534
19 205.168 196.773
19 205.173 841.751
19 205.174 201.167
19 205.179 556.483
19 205.181 214.087
19 205.186 109.757
19 205.195 700.28
19 205.196 652.316
19 205.198 243.309
19 205.202 527.426
19 205.204 141.243
19 205.211 53.5389
19 205.23 165.673
19 205.236 544.662
19 205.238 97.7231
19 205.248 231
19 205.252 461.042
19 205.254 104.789
19 205.264 72.2909
19 205.278 524.109
19 205.28 138.6
19 205.287 107.735
19 205.296 329.056
19 205.299 179.115
19 205.305 407
19 205.307 296.296
19 205.31 401.606
19 205.313 795.545
19 205.314 146.071
19 205.321 136.333
19 205.328 165.755
19 205.334 559.284
19 205.336 181.951
19 205.342 153.468
19 205.348 456.621
19 205.35 102.533
19 205.36 513.611
19 205.362 147.82
19 205.369 346.861
19 205.372 205.255
19 205.377 118.793
19 205.385 275.482
19 205.389 147.167
19 205.396 369.959
19 205.398 144.488
19 205.405 240.5
19 205.409 64.2013
19 205.425 158.353
19 205.431 32.4538
19 205.462 24.8793
19 205.502 402.091
19 205.505 304.414
19 205.508 664.011
19 205.509 249.501
19 205.513 350.877
19 205.516 237.417
19 205.521 77.2857
19 205.533 220.604
19 205.538 7.36128
19 205.674 184.06
19 205.679 30.5642
19 205.712 220.022
19 205.717 140.115
19 205.724 685.871
19 205.725 178.731
19 205.731 506.586
19 205.733 308.642
19 205.736 619.579
19 205.738 77.918
19 205.75 111.037
19 205.759 131.441
19 205.767 431.22
19 205.769 147.82
19 205.776 466.2
19 205.778 113.417
19 205.787 188.218
19 205.792 297.885
19 205.796 116.713
19 205.804 57.3526
19 205.822 16.7639
19 205.881 8.52471
19 205.999 124.891
19 206.007 1.363

20 206.747 5.35656
20 206.934 31.4347
20 206.965 29.3376
20 206.999 11.7777
20 207.084 23.7315
20 207.127 144.739
20 207.133 28.5706
20 207.168 410.509
20 207.171 571.755
20 207.173 111.819
20 207.182 153.539
20 207.188 128.107
20 207.196 116.387
20 207.204 369.14
20 207.207 436.3
20 207.209 218.007
20 207.214 694.444
20 207.215 486.618
20 207.218 211.64
20 207.222 125.739
20 207.23 489.476
20 207.232 835.422
20 207.233 296.824
20 207.237 727.802
20 207.238 293.427
20 207.242 137.627
20 207.249 140.825
20 207.256 574.713
20 207.258 434.594
20 207.26 250.063
20 207.264 286.123
20 207.268 213.538
20 207.272 262.674
20 207.276 238.265
20 207.28 150.557
20 207.287 138.485
20 207.294 184.264
20 207.299 251.762
20 207.303 202.388
20 207.308 187.899
20 207.314 425.713
20 207.316 292.141
20 207.319 319.591
20 207.323 67.944
20 207.337 124.984
20 207.345 193.686
20 207.35 61.82
20 207.367 55.4447
20 207.385 146.327
20 207.392 86.2218
20 207.403 232.288
20 207.407 267.953
20 207.411 96.0338
20 207.422 412.031
20 207.424 389.408
20 207.427 209.644
20 207.431 309.789
20 207.435 178.635
20 207.44 264.34
20 207.444 569.801
20 207.446 223.714
20 207.45 323.311
20 207.453 236.742
20 207.458 117.495
20 207.466 393.546
20 207.469 327.761
20 207.472 146.327
20 207.478 320.205
20 207.482 201.898
20 207.487 821.018
20 207.488 304.971
20 207.491 257.998
20 207.495 657.462
20 207.496 165.59
20 207.502 129.955
20 207.51 138.026
20 207.517 139.47
20 207.525 67.1501
20 207.539 28.1984
20 207.575 123.32
20 207.583 29.9115
20 207.616 518.403
20 207.618 63.7227
20 207.634 69.4444
20 207.648 94.4822
20 207.659 620.732
20 207.661 177.117
20 207.666 306.373
20 207.67 315.657
20 207.673 318.979
20 207.676 532.481
20 207.678 239.981
20 207.682 265.816
20 207.686 761.035
20 207.687 234.907
20 207.691 233.918
20 207.696 754.148
20 207.697 141.363
20 207.704 317.763
20 207.707 364.697
20 207.71 355.366
20 207.713 153.116
20 207.719 121.521
20 207.727 47.3754
20 207.749 131.13
20 207.756 33.4336
20 207.786 18.5381
20 207.84 12.4839
20 207.92 95.3198
20 207.931 137.571
20 207.938 124.378
20 207.946 754.148
20 207.947 239.292
20 207.951 496.771
20 207.953 211.64
20 207.958 480.307
20 207.96 271.003
20 207.964 277.546
20 207.968 91.6758
20 207.978 82.122
20 207.991 136.893
20 207.998 76.4351
20 208.011 17.2819
20 208.069 0.0155304

21 272.471 183.959
21 272.477 260.01
21 272.481 143.802
21 272.487 72.4638
21 272.501 39.6967
21 272.526 58.1937
21 272.544 36.118
21 272.571 23.1305
21 272.615 200.2
21 272.62 206.016
21 272.624 230.362
21 272.629 285.878
21 272.632 839.631
21 272.633 175.07
21 272.639 211.909
21 272.644 253.485
21 272.648 204.876
21 272.653 206.271
21 272.658 264.34
21 272.661 298.418
21 272.665 212.179
21 272.669 440.335
21 272.672 117.911
21 272.68 350.877
21 272.683 197.824
21 272.688 291.63
21 272.691 518.403
21 272.693 415.11
21 272.696 227.531
21 272.7 983.284
21 272.701 484.496
21 272.703 178.923
21 272.709 301.932
21 272.712 339.789
21 272.715 419.815
21 272.718 114.863
21 272.726 665.336
21 272.728 439.174
21 272.73 601.685
21 272.732 97.1817
21 272.742 172.891
21 272.748 155.982
21 272.754 210.571
21 272.759 417.711
21 272.761 240.674
21 272.765 308.928
21 272.769 208.333
21 272.773 309.215
21 272.777 138.083
21 272.784 208.464
21 272.789 241.721
21 272.793 771.605
21 272.794 163.079
21 272.8 449.236
21 272.803 195.618
21 272.808 148.943
21 272.814 109.541
21 272.823 157.011
21 272.83 202.388
21 272.835 319.285
21 272.838 369.14
21 272.841 286.862
21 272.844 349.773
21 272.847 55.639
21 272.865 628.931
21 272.867 34.3607
21 272.896 37.7031
21 272.922 254.842
21 272.926 580.72
21 272.928 314.762
21 272.931 766.284
21 272.932 185.598
21 272.938 221.779
21 272.942 960.615
21 272.943 326.158
21 272.946 152.555
21 272.953 295.77
21 272.956 154.25
21 272.963 331.016
21 272.966 264.34
21 272.97 372.439
21 272.972 77.4114
21 272.985 232.288
21 272.989 186.22
21 272.995 206.271
21 273 318.979
21 273.003 56.4589
21 273.021 98.9413
21 273.031 104.037
21 273.04 327.761
21 273.043 125.549
21 273.051 163.881
21 273.057 194.818
21 273.062 121.3
21 273.071 266.88
21 273.074 186.846
21 273.08 335.345
21 273.083 118.455
21 273.091 162.681
21 273.097 134.3
21 273.105 89.9928
21 273.116 152.068
21 273.123 271.665
21 273.126 150.15
21 273.133 14.0665
21 273.204 21.8608
21 273.25 89.3176
21 273.261 9.54016
21 273.366 16.9713
21 273.425 6.28528
21 273.584 183.352
21 273.589 1.17934

22 274.597 372.439
22 274.6 115.34
22 274.609 198.886
22 274.614 426.257
22 274.616 647.249
22 274.618 375.799
22 274.62 398.724
22 274.623 678.887
22 274.624 413.052
22 274.627 272.109
22 274.63 520.021
22 274.632 286.369
22 274.636 165.59
22 274.642 166.168
22 274.648 639.795
22 274.65 423.012
22 274.652 652.316
22 274.653 176.087
22 274.659 687.285
22 274.661 207.814
22 274.665 183.15
22 274.671 609.385
22 274.672 628.931
22 274.674 709.22
22 274.675 255.624
22 274.679 226.912
22 274.684 837.521
22 274.685 156.715
22 274.691 312.402
22 274.695 473.485
22 274.697 190.913
22 274.702 649.773
22 274.703 275.028
22 274.707 196.309
22 274.712 739.098
22 274.714 141.543
22 274.721 601.685
22 274.722 141.603
22 274.729 74.14
22 274.743 301.114
22 274.746 243.843
22 274.75 286.862
22 274.754 136.277
22 274.761 219.154
22 274.766 103.072
22 274.775 411.015
22 274.778 119.818
22 274.786 46.5484
22 274.808 130.31
22 274.815 146.199
22 274.822 133.869
22 274.83 55.9003
22 274.847 58.2445
22 274.865 237.756
22 274.869 53.9287
22 274.887 454.752
22 274.89 481.696
22 274.892 266.667
22 274.895 685.871
22 274.897 226.757
22 274.901 496.032
22 274.903 244.738
22 274.907 222.519
22 274.912 403.551
22 274.914 542.888
22 274.916 298.418
22 274.92 145.943
22 274.926 130.976
22 274.934 648.508
22 274.936 259.605
22 274.939 338.409
22 274.942 402.091
22 274.945 455.373
22 274.947 101.071
22 274.957 347.222
22 274.96 142.511
22 274.967 281.77
22 274.97 151.309
22 274.977 163.881
22 274.983 322.685
22 274.986 162.206
22 274.992 216.732
22 274.997 252.334
22 275.001 57.7801
22 275.018 62.2471
22 275.034 118.92
22 275.043 120.337
22 275.051 130.514
22 275.059 130.005
22 275.066 89.0076
22 275.078 198.649
22 275.083 268.601
22 275.086 291.121
22 275.09 95.7854
22 275.1 49.1063
22 275.121 14.8326
22 275.188 50.0275
22 275.208 37.5799
22 275.235 532.481
22 275.237 341.18
22 275.239 487.329
22 275.241 261.028
22 275.245 426.257
22 275.248 501.253
22 275.25 198.059
22 275.255 377.074
22 275.257 288.85
22 275.261 198.295
22 275.266 778.816
22 275.267 129.853
22 275.275 529.942
22 275.277 313.578
22 275.28 257.599
22 275.284 865.801
22 275.285 968.992
22 275.286 174.064
22 275.292 147.232
22 275.299 166.003
22 275.305 291.886
22 275.308 474.158
22 275.31 285.633
22 275.314 222.965
22 275.318 140.41
22 275.325 499.75
22 275.327 120.12
22 275.336 83.3125
22 275.348 677.507
22 275.349 343.997
22 275.352 86.2887
22 275.363 283.206
22 275.367 88.0204
22 275.378 104.657
22 275.388 37.9867
22 275.414 41.2337
22 275.439 70.9522
22 275.453 37.8186
22 275.479 15.9352
22 275.542 11.5504
22 275.628 823.045
22 275.63 134.735
22 275.637 351.247
22 275.64 227.998
22 275.644 375.799
22 275.647 180.668
22 275.652 130.873
22 275.66 187.899
22 275.665 202.881
22 275.67 477.555
22 275.672 531.632
22 275.674 578.704
22 275.676 340.136
22 275.679 112.271
22 275.688 184.98
22 275.693 198.413
22 275.698 207.168
22 275.703 225.683
22 275.708 825.083
22 275.709 351.989
22 275.712 79.0826
22 275.724 244.918
22 275.728 226.912
22 275.733 332.668
22 275.736 588.928
22 275.737 233.1
22 275.742 557.414
22 275.744 360.75
22 275.746 601.685
22 275.748 333
22 275.751 194.363
22 275.756 636.132
22 275.758 411.015
22 275.76 392.157
22 275.763 455.373
22 275.765 588.928
22 275.767 390.778
22 275.769 957.854
22 275.77 139.47
22 275.777 524.109
22 275.779 114.038
22 275.788 50.2841
22 275.808 93.0319
22 275.819 550.055
22 275.821 168.947
22 275.826 111.782
22 275.835 360.36
22 275.838 45.2345
22 275.86 40.0016
22 275.885 170.155
22 275.891 1.40887

23 276.608 56.2303
23 276.626 241.546
23 276.63 338.753
23 276.633 345.423
23 276.636 115.062
23 276.645 376.648
23 276.648 261.438
23 276.651 146.135
23 276.658 129.199
23 276.666 180.963
23 276.671 238.436
23 276.676 502.765
23 276.678 600.601
23 276.679 172.712
23 276.685 235.239
23 276.689 279.174
23 276.693 435.73
23 276.695 407.997
23 276.698 510.465
23 276.7 656.168
23 276.701 541.126
23 276.703 428.449
23 276.705 305.81
23 276.709 415.11
23 276.711 288.6
23 276.714 588.928
23 276.716 160.72
23 276.722 203.004
23 276.727 502.008
23 276.729 145.18
23 276.736 506.586
23 276.738 121.3
23 276.746 290.36
23 276.75 298.954
23 276.753 298.418
23 276.757 207.297
23 276.761 162.443
23 276.768 562.114
23 276.769 144.3
23 276.776 115.141
23 276.785 350.877
23 276.788 160.72
23 276.794 148.017
23 276.801 120.12
23 276.809 287.853
23 276.813 134.571
23 276.82 101.41
23 276.83 128.008
23 276.838 62.9287
23 276.854 74.8895
23 276.867 33.0458
23 276.897 214.362
23 276.902 477.555
23 276.904 243.132
23 276.908 206.398
23 276.913 531.632
23 276.915 183.554
23 276.92 391.696
23 276.923 669.344
23 276.924 750.751
23 276.926 177.494
23 276.931 257.202
23 276.935 222.37
23 276.94 185.082
23 276.945 225.836
23 276.949 129.049
23 276.957 66.7468
23 276.972 114.784
23 276.981 75.0582
23 276.994 258.198
23 276.998 67.2043
23 277.013 662.691
23 277.014 114.116
23 277.023 214.777
23 277.028 512.033
23 277.03 121.389
23 277.038 96.8429
23 277.048 152.486
23 277.055 133.976
23 277.062 97.7517
23 277.073 132.433
23 277.08 114.077
23 277.089 762.777
23 277.09 32.7536
23 277.121 14.7213
23 277.189 16.0705
23 277.251 179.695
23 277.257 254.259
23 277.26 210.97
23 277.265 278.474
23 277.269 180.473
23 277.274 415.11
23 277.277 219.877
23 277.281 143.802
23 277.288 338.066
23 277.291 194.363
23 277.296 721.501
23 277.298 160.179
23 277.304 126.263
23 277.312 520.833
23 277.314 268.817
23 277.318 141.483
23 277.325 297.089
23 277.328 405.022
23 277.33 91.9033
23 277.341 107.25
23 277.351 63.7836
23 277.366 143.864
23 277.373 6.25098
23 277.533 40.4482
23 277.558 114.194
23 277.567 466.2
23 277.569 155.763
23 277.575 150.015
23 277.582 166.417
23 277.588 65.4879
23 277.603 166.251
23 277.609 191.571
23 277.614 205.255
23 277.619 516.796
23 277.621 526.593
23 277.623 194.25
23 277.628 78.4314
23 277.641 665.336
23 277.643 93.3968
23 277.653 202.881
23 277.658 148.943
23 277.665 113.649
23 277.674 210.704
23 277.678 127.129
23 277.686 69.2425
23 277.701 66.2954
23 277.716 1.80171

24 278.29 75.4318
24 278.303 52.9521
24 278.322 242.072
24 278.326 116.063
24 278.334 41.6719
24 278.358 7.80732
24 278.487 49.8107
24 278.507 187.266
24 278.512 183.655
24 278.517 331.016
24 278.52 149.678
24 278.527 384.025
24 278.53 159.109
24 278.536 53.7548
24 278.555 115.022
24 278.563 23.6407
24 278.606 209.38
24 278.61 47.5715
24 278.631 18.6157
24 278.685 315.657
24 278.688 486.618
24 278.69 28.9427
24 278.725 415.11
24 278.727 252.717
24 278.731 155.328
24 278.738 393.082
24 278.74 332.336
24 278.743 360.75
24 278.746 284.657
24 278.75 201.288
24 278.754 378.788
24 278.757 347.584
24 278.76 374.532
24 278.763 288.101
24 278.766 323.939
24 278.769 426.803
24 278.772 187.582
24 278.777 392.619
24 278.779 354.61
24 278.782 206.782
24 278.787 182.448
24 278.793 415.628
24 278.795 281.057
24 278.799 550.964
24 278.8 192.012
24 278.806 196.194
24 278.811 533.333
24 278.813 248.571
24 278.817 521.648
24 278.818 148.28
24 278.825 71.7309
24 278.839 281.294
24 278.843 98.0681
24 278.853 654.879
24 278.854 426.803
24 278.857 221.926
24 278.861 294.464
24 278.865 269.906
24 278.868 145.879
24 278.875 403.551
24 278.878 168.35
24 278.884 361.533
24 278.886 204.248
24 278.891 122.369
24 278.9 126.936
24 278.907 136.612
24 278.915 311.818
24 278.918 134.735
24 278.925 197.122
24 278.93 185.494
24 278.936 91.1993
24 278.947 82.713
24 278.959 36.6703
24 278.986 434.594
24 278.988 19.4239
24 279.04 239.981
24 279.044 224.165
24 279.049 548.246
24 279.05 291.121
24 279.054 442.087
24 279.056 314.169
24 279.059 433.463
24 279.062 356.888
24 279.064 490.196
24 279.066 173.34
24 279.072 230.044
24 279.077 159.109
24 279.083 45.1488
24 279.105 485.909
24 279.107 17.983
24 279.163 65.8501
24 279.178 44.016
24 279.201 11.8426
24 279.285 17.9656
24 279.341 34.9553
24 279.369 29.2963
24 279.403 12.0446
24 279.486 1.24918

25 280.296 45.8379
25 280.318 53.2907
25 280.337 6.97058
25 280.48 143.616
25 280.487 77.991
25 280.5 148.61
25 280.507 101.657
25 280.516 317.46
25 280.52 109.075
25 280.529 243.665
25 280.533 454.133
25 280.535 497.512
25 280.537 54.3331
25 280.555 11.2355
25 280.644 18.0258
25 280.7 44.3086
25 280.723 77.0891
25 280.735 214.5
25 280.74 427.899
25 280.742 210.305
25 280.747 255.428
25 280.751 401.606
25 280.754 252.334
25 280.758 839.631
25 280.759 138.427
25 280.766 180.473
25 280.772 385.802
25 280.774 242.601
25 280.778 764.526
25 280.78 445.038
25 280.782 210.04
25 280.787 186.012
25 280.792 257.4
25 280.796 383.583
25 280.798 148.346
25 280.805 221.631
25 280.81 131.909
25 280.817 220.897
25 280.822 201.288
25 280.827 338.753
25 280.83 472.813
25 280.832 383.142
25 280.834 96.1169
25 280.845 752.445
25 280.846 255.232
25 280.85 264.131
25 280.854 298.151
25 280.857 980.392
25 280.858 90.5059
25 280.869 177.305
25 280.875 403.063
25 280.877 567.859
25 280.879 330.36
25 280.882 535.906
25 280.884 237.756
25 280.888 201.898
25 280.893 411.015
25 280.896 169.119
25 280.902 400.16
25 280.904 371.195
25 280.907 163.639
25 280.913 398.724
25 280.915 102.218
25 280.925 99.9201
25 280.935 306.654
25 280.938 61.252
25 280.955 259.605
25 280.959 265.604
25 280.962 78.2289
25 280.975 704.722
25 280.977 592.066
25 280.978 160.411
25 280.985 228.467
25 280.989 104.987
25 280.998 137.005
25 281.006 128.65
25 281.014 311.818
25 281.017 139.528
25 281.024 642.261
25 281.025 269.034
25 281.029 464.253
25 281.031 178.158
25 281.037 167.588
25 281.043 496.771
25 281.045 356.506
25 281.048 332.336
25 281.051 460.405
25 281.053 363.504
25 281.056 485.909
25 281.058 272.331
25 281.061 175.994
25 281.067 188.75
25 281.072 175.716
25 281.078 189.609
25 281.083 367.107
25 281.086 174.978
25 281.092 191.681
25 281.097 212.45
25 281.102 208.986
25 281.106 231.321
25 281.111 179.501
25 281.116 142.755
25 281.123 234.247
25 281.128 55.7973
25 281.146 85.2079
25 281.157 514.403
25 281.159 52.0752
25 281.178 155.909
25 281.185 690.131
25 281.186 174.795
25 281.192 81.6393
25 281.204 26.5541
25 281.242 8.69732
25 281.357 154.392
25 281.363 166.583
25 281.369 167.504
25 281.375 151.446
25 281.382 399.202
25 281.384 114.863
25 281.393 152.625
25 281.4 142.025
25 281.407 900.901
25 281.408 15.6531
25 281.472 1.23341

26 282.288 308.642
26 282.292 165.508
26 282.298 132.275
26 282.305 128.205
26 282.313 7.11232
26 282.454 96.3113
26 282.464 395.413
26 282.466 350.14
26 282.469 433.463
26 282.472 721.501
26 282.473 167.757
26 282.479 55.1694
26 282.497 78.7278
26 282.51 25.6174
26 282.549 9.05379
26 282.659 182.05
26 282.665 189.717
26 282.67 145.943
26 282.677 481.696
26 282.679 238.436
26 282.683 146.778
26 282.69 69.808
26 282.704 493.827
26 282.706 512.821
26 282.708 49.7141
26 282.728 36.1768
26 282.756 112.841
26 282.765 51.9696
26 282.784 439.174
26 282.786 90.876
26 282.797 44.6289
26 282.82 205.761
26 282.825 59.8552
26 282.841 30.9991
26 282.874 79.4218
26 282.886 436.872
26 282.889 411.015
26 282.891 272.777
26 282.895 280.584
26 282.898 216.45
26 282.903 414.594
26 282.905 353.107
26 282.908 405.022
26 282.911 248.016
26 282.915 569.801
26 282.916 136.668
26 282.924 137.457
26 282.931 265.816
26 282.935 158.806
26 282.941 467.508
26 282.943 454.133
26 282.945 189.825
26 282.951 96.9556
26 282.961 357.654
26 282.964 285.633
26 282.967 489.476
26 282.969 238.095
26 282.973 205.381
26 282.978 726.216
26 282.98 119.389
26 282.988 58.1024
26 283.005 33.0753
26 283.035 359.583
26 283.038 110.705
26 283.047 28.1104
26 283.083 35.9893
26 283.111 17.8368
26 283.167 454.752
26 283.169 44.7968
26 283.191 73.6485
26 283.205 195.274
26 283.21 718.391
26 283.211 242.072
26 283.215 38.165
26 283.242 388.048
26 283.244 138.485
26 283.251 136.612
26 283.259 70.1311
26 283.273 13.7033
26 283.346 15.9497
26 283.409 43.0385
26 283.432 89.2459
26 283.443 32.8019
26 283.474 126.119
26 283.482 144.113
26 283.489 128.502
26 283.496 66.0589
26 283.511 122.73
26 283.52 1.40537

27 284.238 130.873
27 284.246 141.784
27 284.253 98.561
27 284.263 5.8149
27 284.435 174.155
27 284.441 122.82
27 284.449 67.5037
27 284.464 91.1743
27 284.475 7.23584
27 284.613 527.426
27 284.615 236.911
27 284.619 90.8018
27 284.63 237.925
27 284.634 204.374
27 284.639 220.459
27 284.644 319.591
27 284.647 454.752
27 284.649 153.539
27 284.656 456.621
27 284.658 505.817
27 284.66 615.006
27 284.661 179.598
27 284.667 459.137
27 284.669 295.247
27 284.673 161.264
27 284.679 584.795
27 284.681 175.994
27 284.686 254.647
27 284.69 565.931
27 284.692 358.038
27 284.695 490.918
27 284.697 182.149
27 284.702 189.179
27 284.708 445.633
27 284.71 983.284
27 284.711 172.622
27 284.717 1001
27 284.718 477.555
27 284.72 101.163
27 284.73 581.734
27 284.731 78.7092
27 284.744 130.976
27 284.752 188.644
27 284.757 468.823
27 284.759 248.571
27 284.763 163.399
27 284.769 136.668
27 284.777 149.209
27 284.783 115.54
27 284.792 274.801
27 284.795 255.232
27 284.799 66.0458
27 284.815 73.3245
27 284.828 322.685
27 284.831 114.43
27 284.84 120.077
27 284.848 89.6781
27 284.86 116.591
27 284.868 197.824
27 284.873 496.032
27 284.875 425.17
27 284.878 195.16
27 284.883 144.55
27 284.89 445.633
27 284.892 304.971
27 284.895 159.49
27 284.901 685.871
27 284.903 369.14
27 284.906 106.803
27 284.915 704.722
27 284.916 67.4491
27 284.931 404.04
27 284.934 151.515
27 284.94 615.006
27 284.942 451.06
27 284.944 153.965
27 284.951 140.885
27 284.958 124.611
27 284.966 695.894
27 284.967 171.116
27 284.973 888.889
27 284.974 163.639
27 284.98 214.362
27 284.985 276.167
27 284.988 265.816
27 284.992 269.469
27 284.996 273.898
27 285 502.008
27 285.002 175.716
27 285.007 587.889
27 285.009 411.015
27 285.011 150.421
27 285.018 161.891
27 285.024 181.851
27 285.03 438.02
27 285.032 678.887
27 285.033 86.4902
27 285.045 119.689
27 285.053 527.426
27 285.055 130.514
27 285.063 255.232
27 285.067 385.356
27 285.069 101.533
27 285.079 377.074
27 285.082 596.303
27 285.084 29.9115
27 285.117 128.949
27 285.125 19.2489
27 285.177 34.7621
27 285.206 64.0656
27 285.221 54.9692
27 285.239 21.2666
27 285.286 27.697
27 285.322 33.653
27 285.352 186.637
27 285.358 112.082
27 285.366 150.625
27 285.373 452.899
27 285.375 268.168
27 285.379 181.653
27 285.385 277.085
27 285.388 407.498
27 285.391 129.955
27 285.398 17.9491
27 285.454 24.4272
27 285.495 1.8737

28 286.2 58.3158
28 286.217 4.60685
28 286.434 22.144
28 286.479 9.75543
28 286.582 22.4452
28 286.626 44.9418
28 286.648 32.375
28 286.679 684.463
28 286.681 263.922
28 286.685 393.082
28 286.687 417.188
28 286.69 151.722
28 286.696 115.741
28 286.705 296.56
28 286.708 715.308
28 286.71 306.654
28 286.713 377.074
28 286.715 213.538
28 286.72 509.684
28 286.722 162.285
28 286.728 246.366
28 286.732 542.888
28 286.734 418.76
28 286.737 630.12
28 286.738 277.085
28 286.742 171.116
28 286.748 168.095
28 286.754 656.168
28 286.755 442.674
28 286.757 213.265
28 286.762 184.06
28 286.767 225.073
28 286.772 542.005
28 286.774 198.886
28 286.779 559.284
28 286.781 178.54
28 286.786 342.583
28 286.789 527.426
28 286.791 488.759
28 286.793 294.985
28 286.796 425.17
28 286.799 207.814
28 286.804 159.872
28 286.81 326.158
28 286.813 134.354
28 286.82 116.144
28 286.829 665.336
28 286.83 429.553
28 286.833 38.2175
28 286.859 670.691
28 286.86 52.4852
28 286.879 70.3235
28 286.894 89.7505
28 286.905 205.761
28 286.91 73.0994
28 286.923 201.167
28 286.928 157.978
28 286.935 107.735
28 286.944 390.32
28 286.947 158.806
28 286.953 557.414
28 286.955 233.427
28 286.959 232.937
28 286.963 182.648
28 286.969 170.329
28 286.975 390.32
28 286.977 360.75
28 286.98 540.249
28 286.982 402.576
28 286.984 462.963
28 286.986 217.865
28 286.991 153.894
28 286.997 184.775
28 287.003 235.405
28 287.007 208.594
28 287.012 258.198
28 287.016 132.013
28 287.023 299.222
28 287.027 633.714
28 287.028 133.387
28 287.036 69.8519
28 287.05 193.573
28 287.055 194.704
28 287.06 30.539
28 287.093 117.911
28 287.102 13.871
28 287.174 58.7475
28 287.191 198.413
28 287.196 144.739
28 287.203 163.559
28 287.209 189.825
28 287.214 407
28 287.217 237.079
28 287.221 140.825
28 287.228 165.755
28 287.234 170.853
28 287.24 179.598
28 287.245 294.985
28 287.249 94.2152
28 287.259 296.033
28 287.263 40.4187
28 287.287 109.111
28 287.297 167.673
28 287.303 25.8699
28 287.341 16.7001
28 287.401 79.6305
28 287.414 15.5938
28 287.478 1.03036

29 288.564 10.5116
29 288.659 28.9477
29 288.694 192.678
29 288.699 39.5648
29 288.724 74.9906
29 288.737 66.3614
29 288.752 75.3125
29 288.766 180.473
29 288.771 143.493
29 288.778 706.215
29 288.78 394.945
29 288.782 251.762
29 288.786 380.084
29 288.789 513.611
29 288.791 193.461
29 288.796 432.339
29 288.798 449.843
29 288.8 423.012
29 288.803 656.168
29 288.804 141.363
29 288.811 275.255
29 288.815 206.782
29 288.82 360.36
29 288.823 167.42
29 288.829 171.644
29 288.834 249.501
29 288.838 715.308
29 288.84 212.179
29 288.845 199.481
29 288.85 795.545
29 288.851 166.085
29 288.857 375.799
29 288.86 361.141
29 288.862 470.146
29 288.864 712.251
29 288.866 183.352
29 288.871 141.543
29 288.878 350.877
29 288.881 382.263
29 288.884 356.888
29 288.887 195.848
29 288.892 238.095
29 288.896 273.448
29 288.9 177.778
29 288.905 477.555
29 288.907 56.1262
29 288.925 46.3929
29 288.947 36.2516
29 288.974 55.0237
29 288.992 25.18
29 289.032 196.773
29 289.037 38.1127
29 289.063 123.047
29 289.072 402.576
29 289.074 143
29 289.081 496.032
29 289.083 138.889
29 289.09 361.533
29 289.093 402.576
29 289.096 145.751
29 289.102 189.179
29 289.108 197.941
29 289.113 595.238
29 289.114 303.306
29 289.118 723.066
29 289.119 204.248
29 289.124 309.502
29 289.127 92.0556
29 289.138 197.472
29 289.143 191.241
29 289.148 112.045
29 289.157 439.754
29 289.16 216.732
29 289.164 178.54
29 289.17 308.642
29 289.173 522.466
29 289.175 127.421
29 289.183 271.223
29 289.186 195.389
29 289.192 106.633
29 289.201 126.31
29 289.209 220.604
29 289.213 409.5
29 289.216 687.285
29 289.217 197.941
29 289.222 137.627
29 289.23 724.638
29 289.231 317.763
29 289.234 387.597
29 289.237 332.668
29 289.24 86.4006
29 289.251 615.006
29 289.253 164.123
29 289.259 118.413
29 289.267 108.155
29 289.277 37.9305
29 289.303 6.92713
29 289.447 11.8789
29 289.532 202.634
29 289.537 156.937
29 289.543 146.327
29 289.55 157.754
29 289.556 162.76
29 289.562 208.203
29 289.567 159.109
29 289.573 153.327
29 289.58 90.2364
29 289.591 208.203
29 289.596 203.749
29 289.601 209.512
29 289.605 456.621
29 289.608 508.906
29 289.61 172.533
29 289.615 388.954
29 289.618 481.696
29 289.62 455.373
29 289.622 338.753
29 289.625 308.071
29 289.628 426.257
29 289.631 270.343
29 289.634 164.853
29 289.641 327.761
29 289.644 418.76
29 289.646 283.688
29 289.649 209.38
29 289.654 762.777
29 289.656 99.0295
29 289.666 82.7952
29 289.678 37.5122
29 289.704 1.36531

30 290.506 23.4791
30 290.549 11.1412
30 290.639 19.9076
30 290.689 42.7679
30 290.712 237.079
30 290.717 226.912
30 290.721 96.4506
30 290.731 450.45
30 290.734 412.031
30 290.736 152.835
30 290.743 903.342
30 290.744 449.236
30 290.746 223.264
30 290.75 285.144
30 290.754 292.654
30 290.757 151.378
30 290.764 224.316
30 290.768 778.816
30 290.77 275.71
30 290.773 168.862
30 290.779 799.361
30 290.78 428.449
30 290.783 383.583
30 290.785 254.647
30 290.789 516.796
30 290.791 186.951
30 290.797 166.168
30 290.803 397.298
30 290.805 188.43
30 290.81 155.909
30 290.817 365.097
30 290.82 254.842
30 290.823 158.203
30 290.83 160.026
30 290.836 159.49
30 290.842 314.465
30 290.846 105.988
30 290.855 521.648
30 290.857 350.877
30 290.86 359.583
30 290.862 229.253
30 290.867 445.633
30 290.869 157.828
30 290.875 121.743
30 290.884 235.571
30 290.888 795.545
30 290.889 64.3004
30 290.905 102.124
30 290.914 30.248
30 290.948 43.448
30 290.971 58.5514
30 290.988 142.878
30 290.995 73.0034
30 291.008 211.104
30 291.013 185.805
30 291.018 201.41
30 291.023 540.249
30 291.025 188.964
30 291.031 141.303
30 291.038 112.385
30 291.047 106.803
30 291.056 601.685
30 291.058 372.024
30 291.06 160.256
30 291.066 381.388
30 291.069 231
30 291.073 223.564
30 291.078 263.505
30 291.082 159.566
30 291.088 495.295
30 291.09 273.898
30 291.094 153.894
30 291.1 443.262
30 291.102 619.579
30 291.104 149.88
30 291.111 78.7464
30 291.123 38.429
30 291.149 129.199
30 291.157 39.3128
30 291.183 15.6988
30 291.246 18.3372
30 291.301 31.4941
30 291.333 129.45
30 291.34 247.097
30 291.344 374.532
30 291.347 77.0713
30 291.36 152.765
30 291.367 116.836
30 291.375 93.5279
30 291.386 162.681
30 291.392 129.853
30 291.4 344.709

