Burst n° Time Inst.Freq.
1 84.4181 74.0412
1 84.4316 85.7339
1 84.4432 593.12
1 84.4449 141.423
1 84.452 73.4862
1 84.4656 915.751
1 84.4667 676.133
1 84.4682 117.123
1 84.4767 214.638
1 84.4814 129.299
1 84.4891 179.791
1 84.4947 292.141
1 84.4981 376.223
1 84.5007 231.642
1 84.5051 148.28
1 84.5118 221.043
1 84.5163 312.695
1 84.5195 762.777
1 84.5208 223.264
1 84.5253 244.379
1 84.5294 228.938
1 84.5338 210.571
1 84.5385 107.458
1 84.5478 478.927
1 84.5499 205.128
1 84.5548 238.949
1 84.559 167.001
1 84.565 315.358
1 84.5681 859.107
1 84.5693 227.687
1 84.5737 535.906
1 84.5756 372.856
1 84.5782 712.251
1 84.5796 418.235
1 84.582 474.834
1 84.5841 175.162
1 84.5899 169.033
1 84.5958 277.778
1 84.5994 446.828
1 84.6016 166.168
1 84.6076 825.083
1 84.6088 467.508
1 84.611 352.734
1 84.6138 169.895
1 84.6197 680.272
1 84.6212 203.874
1 84.6261 211.372
1 84.6308 303.03
1 84.6341 257.003
1 84.638 284.657
1 84.6415 218.723
1 84.6461 226.142
1 84.6505 971.817
1 84.6515 257.4
1 84.6554 470.81
1 84.6575 460.405
1 84.6597 251.953
1 84.6637 301.386
1 84.667 938.967
1 84.6681 193.686
1 84.6732 586.854
1 84.6749 669.344
1 84.6764 86.3111
1 84.688 215.332
1 84.6927 124.285
1 84.7007 460.405
1 84.7029 233.1
1 84.7072 238.949
1 84.7113 634.921
1 84.7129 187.161
1 84.7183 221.926
1 84.7228 393.546
1 84.7253 204.499
1 84.7302 439.174
1 84.7325 137.627
1 84.7397 154.107
1 84.7462 173.43
1 84.752 168.691
1 84.7579 162.285
1 84.7641 222.37
1 84.7686 681.663
1 84.7701 833.333
1 84.7713 79.1014
1 84.7839 266.88
1 84.7876 168.35
1 84.7936 363.504
1 84.7963 156.495
1 84.8027 151.172
1 84.8093 191.791
1 84.8146 544.662
1 84.8164 227.221
1 84.8208 130.976
1 84.8284 147.885
1 84.8352 657.462
1 84.8367 183.959
1 84.8421 190.476
1 84.8474 499.75
1 84.8494 122.549
1 84.8576 416.667
1 84.86 219.01
1 84.8645 1010.1
1 84.8655 187.266
1 84.8708 289.352
1 84.8743 231.16
1 84.8786 135.281
1 84.886 196.889
1 84.8911 470.81
1 84.8932 243.132
1 84.8973 151.584
1 84.9039 93.2662
1 84.9147 301.659
1 84.918 339.443
1 84.9209 185.701
1 84.9263 163.961
1 84.9324 157.011
1 84.9388 130.463
1 84.9464 308.642
1 84.9497 223.864
1 84.9541 184.06
1 84.9596 136.11
1 84.9669 325.521
1 84.97 125.313
1 84.978 253.1
1 84.9819 407.498
1 84.9844 181.554
1 84.9899 104.822
1 84.9994 263.296
1 85.0032 236.072
1 85.0075 138.37
1 85.0147 217.014
1 85.0193 240.154
1 85.0235 206.016
1 85.0283 190.913
1 85.0336 293.427
1 85.037 157.828
1 85.0433 536.769
1 85.0452 95.0209
1 85.0557 272.777
1 85.0594 419.287
1 85.0617 137.798
1 85.069 103.295
1 85.0787 158.655
1 85.085 111.595
1 85.0939 154.107
1 85.1004 203.5
1 85.1053 186.532
1 85.1107 193.125
1 85.1159 336.7
1 85.1189 704.722
1 85.1203 79.1014
1 85.1329 584.795
1 85.1346 221.337
1 85.1391 580.72
1 85.1409 109.361
1 85.15 242.601
1 85.1541 361.533
1 85.1569 89.8473
1 85.168 94.4287
1 85.1786 270.563
1 85.1823 505.817
1 85.1843 262.674
1 85.1881 271.223
1 85.1918 207.555
1 85.1966 368.732
1 85.1993 425.713
1 85.2017 140.056
1 85.2088 87.0549
1 85.2203 129.199
1 85.228 150.966
1 85.2347 90.8513
1 85.2457 294.724
1 85.249 127.081
1 85.2569 101.968
1 85.2667 50.0651
1 85.2867 44.6229
1 85.3091 77.2857
1 85.322 0.991706

2 86.333 106.394
2 86.3424 458.505
2 86.3446 177.399
2 86.3502 275.71
2 86.3538 191.131
2 86.3591 302.755
2 86.3624 138.083
2 86.3696 483.793
2 86.3717 80.7494
2 86.3841 182.149
2 86.3896 884.173
2 86.3907 88.5818
2 86.402 314.169
2 86.4052 71.9166
2 86.4191 120.511
2 86.4274 438.596
2 86.4297 375.375
2 86.4323 77.8089
2 86.4452 305.25
2 86.4484 97.8953
2 86.4587 174.246
2 86.4644 458.505
2 86.4666 253.872
2 86.4705 350.877
2 86.4734 166.667
2 86.4794 179.986
2 86.4849 259.808
2 86.4888 784.314
2 86.49 205.634
2 86.4949 225.073
2 86.4994 166.667
2 86.5054 104.526
2 86.5149 235.405
2 86.5192 343.289
2 86.5221 226.449
2 86.5265 156.715
2 86.5329 269.034
2 86.5366 768.049
2 86.5379 239.808
2 86.5421 319.898
2 86.5452 232.937
2 86.5495 181.258
2 86.555 178.063
2 86.5606 213.129
2 86.5653 1078.75
2 86.5662 246.731
2 86.5703 374.111
2 86.573 503.525
2 86.575 173.16
2 86.5807 685.871
2 86.5822 238.949
2 86.5864 191.022
2 86.5916 267.523
2 86.5953 957.854
2 86.5964 211.372
2 86.6011 442.674
2 86.6034 167.757
2 86.6093 63.4558
2 86.6251 117.994
2 86.6336 63.4558
2 86.6493 251.004
2 86.6533 118.203
2 86.6618 181.653
2 86.6673 169.463
2 86.6732 576.701
2 86.6749 209.512
2 86.6797 332.668
2 86.6827 246.366
2 86.6868 97.1251
2 86.697 316.556
2 86.7002 788.022
2 86.7015 511.247
2 86.7034 107.77
2 86.7127 167.926
2 86.7187 745.712
2 86.72 102.375
2 86.7298 732.601
2 86.7311 139.412
2 86.7383 135.117
2 86.7457 211.104
2 86.7505 122.011
2 86.7586 168.947
2 86.7646 111.297
2 86.7736 150.353
2 86.7802 881.834
2 86.7813 464.253
2 86.7835 115.982
2 86.7921 267.523
2 86.7959 248.385
2 86.7999 95.2925
2 86.8104 286.123
2 86.8139 281.294
2 86.8174 350.508
2 86.8203 352.734
2 86.8231 290.36
2 86.8266 86.9414
2 86.8381 68.8563
2 86.8526 53.3333
2 86.8713 170.329
2 86.8772 213.675
2 86.8819 149.88
2 86.8886 516.796
2 86.8905 288.85
2 86.8939 287.853
2 86.8974 200.803
2 86.9024 171.116
2 86.9082 468.823
2 86.9104 234.577
2 86.9146 206.143
2 86.9195 264.131
2 86.9233 171.468
2 86.9291 560.224
2 86.9309 155.836
2 86.9373 154.107
2 86.9438 416.146
2 86.9462 126.263
2 86.9541 415.11
2 86.9565 94.7239
2 86.9671 113.456
2 86.9759 294.724
2 86.9793 195.046
2 86.9844 104.526
2 86.994 170.503
2 86.9999 82.0008
2 87.0121 81.182
2 87.0244 778.816
2 87.0257 20.4826
2 87.0745 301.386
2 87.0778 109.433
2 87.0869 74.0083
2 87.1004 439.754
2 87.1027 241.371
2 87.1069 1031.99
2 87.1078 190.585
2 87.1131 229.253
2 87.1174 165.18
2 87.1235 335.008
2 87.1265 286.615
2 87.13 213.675
2 87.1346 160.488
2 87.1409 133.494
2 87.1484 955.11
2 87.1494 79.4597
2 87.162 221.337
2 87.1665 98.7947
2 87.1766 442.674
2 87.1789 359.583
2 87.1817 77.8634
2 87.1945 803.213
2 87.1958 13.4371
2 87.2702 284.657
2 87.2737 274.123
2 87.2773 339.789
2 87.2803 279.408
2 87.2839 251.572
2 87.2878 657.462
2 87.2894 137.174
2 87.2967 207.426
2 87.3015 239.808
2 87.3056 84.3668
2 87.3175 134.3
2 87.3249 1.10884

3 88.2568 42.2155
3 88.2805 430.108
3 88.2828 26.7802
3 88.3201 83.7311
3 88.3321 520.021
3 88.334 487.329
3 88.3361 73.5186
3 88.3497 166.417
3 88.3557 318.979
3 88.3588 468.823
3 88.3609 68.1942
3 88.3756 115.062
3 88.3843 144.488
3 88.3912 209.118
3 88.396 201.167
3 88.401 99.5917
3 88.411 257.599
3 88.4149 126.743
3 88.4228 161.812
3 88.429 322.373
3 88.4321 431.22
3 88.4344 357.654
3 88.4372 132.908
3 88.4447 335.008
3 88.4477 186.741
3 88.453 294.985
3 88.4564 420.345
3 88.4588 323.939
3 88.4619 224.014
3 88.4664 120.773
3 88.4746 549.149
3 88.4765 192.79
3 88.4816 262.674
3 88.4855 365.898
3 88.4882 544.662
3 88.49 452.899
3 88.4922 273
3 88.4959 345.066
3 88.4988 230.681
3 88.5031 218.866
3 88.5077 177.022
3 88.5133 617.284
3 88.515 208.333
3 88.5198 122.369
3 88.5279 613.874
3 88.5296 282.725
3 88.5331 397.772
3 88.5356 222.37
3 88.5401 226.603
3 88.5445 202.388
3 88.5495 631.313
3 88.5511 232.288
3 88.5554 239.636
3 88.5595 648.508
3 88.5611 284.9
3 88.5646 161.031
3 88.5708 310.655
3 88.574 328.084
3 88.5771 524.109
3 88.579 190.259
3 88.5842 968.992
3 88.5853 237.079
3 88.5895 319.898
3 88.5926 568.828
3 88.5944 191.791
3 88.5996 393.546
3 88.6021 288.85
3 88.6056 509.684
3 88.6075 281.532
3 88.6111 277.546
3 88.6147 645.995
3 88.6162 430.108
3 88.6186 217.439
3 88.6232 559.284
3 88.6249 184.672
3 88.6304 81.5195
3 88.6426 319.285
3 88.6458 300.03
3 88.6491 306.937
3 88.6524 60.54
3 88.6689 178.635
3 88.6745 237.248
3 88.6787 86.0215
3 88.6903 132.961
3 88.6978 247.831
3 88.7019 283.93
3 88.7054 331.016
3 88.7084 133.067
3 88.7159 297.354
3 88.7193 485.201
3 88.7213 641.026
3 88.7229 444.444
3 88.7252 209.38
3 88.7299 175.346
3 88.7356 318.979
3 88.7388 194.363
3 88.7439 200.924
3 88.7489 339.789
3 88.7518 505.051
3 88.7538 299.222
3 88.7572 429
3 88.7595 399.202
3 88.762 397.772
3 88.7645 225.53
3 88.7689 197.707
3 88.774 254.842
3 88.7779 121.477
3 88.7862 467.508
3 88.7883 454.133
3 88.7905 511.247
3 88.7925 535.045
3 88.7943 477.555
3 88.7964 151.24
3 88.803 213.402
3 88.8077 54.6717
3 88.826 637.349
3 88.8276 79.3084
3 88.8402 108.155
3 88.8494 212.857
3 88.8541 105.585
3 88.8636 283.206
3 88.8671 488.759
3 88.8692 228.938
3 88.8735 67.2993
3 88.8884 144.991
3 88.8953 126.167
3 88.9032 146.843
3 88.91 149.948
3 88.9167 49.8927
3 88.9367 122.369
3 88.9449 657.462
3 88.9464 201.776
3 88.9514 272.331
3 88.9551 900.901
3 88.9562 305.25
3 88.9595 517.598
3 88.9614 271.003
3 88.9651 850.34
3 88.9663 333
3 88.9693 142.633
3 88.9763 243.487
3 88.9804 187.582
3 88.9857 490.196
3 88.9877 230.362
3 88.9921 322.373
3 88.9952 397.772
3 88.9977 179.404
3 89.0033 245.098
3 89.0074 499.002
3 89.0094 108.331
3 89.0186 531.632
3 89.0205 226.603
3 89.0249 208.855
3 89.0297 398.724
3 89.0322 103.907
3 89.0418 66.4275
3 89.0569 34.1355
3 89.0862 18.1752
3 89.1412 85.0557
3 89.1529 163.159
3 89.1591 106.326
3 89.1685 183.655
3 89.1739 543.774
3 89.1758 204.374
3 89.1806 399.68
3 89.1831 859.107
3 89.1843 160.953
3 89.1905 116.428
3 89.1991 791.766
3 89.2004 465.549
3 89.2025 222.222
3 89.207 307.787
3 89.2103 150.489
3 89.2169 248.756
3 89.2209 118.54
3 89.2294 10.246
3 89.327 122.324
3 89.3351 110.375
3 89.3442 140.469
3 89.3513 86.3782
3 89.3629 1.11412

4 90.308 51.9534
4 90.3272 25.9545
4 90.3658 41.3565
4 90.3899 40.6951
4 90.4145 192.79
4 90.4197 296.824
4 90.4231 302.755
4 90.4264 949.668
4 90.4274 260.824
4 90.4313 825.083
4 90.4325 118.455
4 90.4409 345.781
4 90.4438 143
4 90.4508 213.538
4 90.4555 811.03
4 90.4567 182.648
4 90.4622 288.85
4 90.4656 273.898
4 90.4693 263.922
4 90.4731 119.005
4 90.4815 665.336
4 90.483 256.805
4 90.4869 501.253
4 90.4889 122.234
4 90.4971 292.654
4 90.5005 138.37
4 90.5077 545.554
4 90.5095 430.108
4 90.5119 201.532
4 90.5168 199.124
4 90.5218 187.688
4 90.5272 459.77
4 90.5293 169.722
4 90.5352 248.201
4 90.5393 163.639
4 90.5454 938.967
4 90.5464 107.423
4 90.5558 695.894
4 90.5572 485.909
4 90.5592 141.844
4 90.5663 454.133
4 90.5685 238.607
4 90.5727 377.074
4 90.5753 205.888
4 90.5802 176.741
4 90.5859 123.411
4 90.594 134.138
4 90.6014 135.612
4 90.6088 256.213
4 90.6127 200.321
4 90.6177 119.603
4 90.626 224.165
4 90.6305 203.128
4 90.6354 101.286
4 90.6453 98.0392
4 90.6555 84.2176
4 90.6674 113.611
4 90.6762 192.79
4 90.6814 474.158
4 90.6835 473.485
4 90.6856 150.83
4 90.6922 300.03
4 90.6955 159.566
4 90.7018 265.816
4 90.7056 933.707
4 90.7066 189.394
4 90.7119 452.284
4 90.7141 172.087
4 90.72 114.233
4 90.7287 289.352
4 90.7322 201.898
4 90.7371 85.4263
4 90.7488 410.004
4 90.7513 283.447
4 90.7548 120.817
4 90.7631 162.048
4 90.7692 92.6183
4 90.78 351.989
4 90.7829 109.146
4 90.792 296.824
4 90.7954 108.26
4 90.8046 394.477
4 90.8072 122.775
4 90.8153 273
4 90.819 79.5545
4 90.8316 213.538
4 90.8362 182.448
4 90.8417 153.327
4 90.8482 171.821
4 90.8541 644.745
4 90.8556 201.045
4 90.8606 505.051
4 90.8626 265.182
4 90.8663 157.754
4 90.8727 134.246
4 90.8801 656.168
4 90.8816 204.374
4 90.8865 148.082
4 90.8933 250.627
4 90.8973 497.512
4 90.8993 171.733
4 90.9051 588.928
4 90.9068 146.714
4 90.9136 634.921
4 90.9152 97.8665
4 90.9254 435.73
4 90.9277 144.113
4 90.9347 210.438
4 90.9394 735.835
4 90.9408 416.667
4 90.9432 343.643
4 90.9461 76.5228
4 90.9591 279.877
4 90.9627 192.567
4 90.9679 418.235
4 90.9703 250.815
4 90.9743 507.357
4 90.9763 372.024
4 90.979 455.373
4 90.9811 152.138
4 90.9877 186.22
4 90.9931 176.18
4 90.9988 888.889
4 90.9999 106.496
4 91.0093 155.836
4 91.0157 105.519
4 91.0252 217.865
4 91.0298 126.55
4 91.0377 41.9287
4 91.0615 488.759
4 91.0636 49.2368
4 91.0839 19.6576
4 91.1347 30.2728
4 91.1678 145.751
4 91.1746 107.354
4 91.184 129.702
4 91.1917 238.607
4 91.1959 133.869
4 91.2033 615.006
4 91.2049 403.063
4 91.2074 186.22
4 91.2128 637.349
4 91.2144 333.333
4 91.2174 329.381
4 91.2204 615.006
4 91.222 148.28
4 91.2288 70.9069
4 91.2429 110.302
4 91.2519 99.95
4 91.2619 1.11726

5 92.1663 268.168
5 92.17 20.4775
5 92.2189 58.0316
5 92.2361 13.257
5 92.3115 45.0999
5 92.3337 122.504
5 92.3419 145.56
5 92.3487 39.1512
5 92.3743 44.5633
5 92.3967 506.586
5 92.3987 157.085
5 92.4051 97.4374
5 92.4153 553.71
5 92.4171 93.214
5 92.4279 139.179
5 92.435 191.902
5 92.4403 302.206
5 92.4436 74.0741
5 92.4571 436.3
5 92.4594 114.943
5 92.4681 464.253
5 92.4702 95.6206
5 92.4807 106.36
5 92.4901 263.089
5 92.4939 151.103
5 92.5005 408.497
5 92.5029 164.853
5 92.509 210.704
5 92.5137 394.945
5 92.5163 338.753
5 92.5192 328.731
5 92.5223 164.935
5 92.5283 294.985
5 92.5317 222.668
5 92.5362 251.762
5 92.5402 199.243
5 92.5452 710.732
5 92.5466 320.513
5 92.5497 154.107
5 92.5562 447.427
5 92.5585 140.944
5 92.5656 340.832
5 92.5685 358.809
5 92.5713 172.533
5 92.5771 248.942
5 92.5811 206.143
5 92.5859 740.741
5 92.5873 88.6997
5 92.5986 85.2297
5 92.6103 90.4814
5 92.6213 267.308
5 92.6251 754.148
5 92.6264 187.793
5 92.6317 384.468
5 92.6343 752.445
5 92.6357 434.028
5 92.638 173.792
5 92.6437 176.835
5 92.6494 149.813
5 92.6561 231.321
5 92.6604 468.823
5 92.6625 352.361
5 92.6654 192.345
5 92.6706 286.862
5 92.674 222.222
5 92.6785 143.184
5 92.6855 227.376
5 92.6899 252.908
5 92.6939 481.696
5 92.6959 303.582
5 92.6992 145.243
5 92.7061 147.297
5 92.7129 107.009
5 92.7223 269.469
5 92.726 289.603
5 92.7294 175.623
5 92.7351 511.247
5 92.7371 351.247
5 92.7399 170.765
5 92.7458 172.533
5 92.7516 460.405
5 92.7537 331.675
5 92.7568 359.971
5 92.7595 381.825
5 92.7622 159.949
5 92.7684 198.531
5 92.7734 196.889
5 92.7785 76.1035
5 92.7917 478.24
5 92.7938 167.504
5 92.7997 321.75
5 92.8028 426.803
5 92.8052 226.603
5 92.8096 955.11
5 92.8106 279.174
5 92.8142 151.103
5 92.8208 602.773
5 92.8225 96.9838
5 92.8328 118.54
5 92.8412 236.742
5 92.8455 233.918
5 92.8497 103.327
5 92.8594 150.898
5 92.8661 627.746
5 92.8676 243.132
5 92.8718 165.92
5 92.8778 224.77
5 92.8822 96.5624
5 92.8926 259
5 92.8964 168.606
5 92.9024 111.259
5 92.9114 103.103
5 92.9211 427.899
5 92.9234 173.16
5 92.9292 202.758
5 92.9341 185.082
5 92.9395 289.855
5 92.943 295.77
5 92.9463 380.084
5 92.949 162.76
5 92.9551 207.684
5 92.9599 189.502
5 92.9652 339.098
5 92.9682 310.945
5 92.9714 242.954
5 92.9755 585.823
5 92.9772 434.594
5 92.9795 260.213
5 92.9833 284.172
5 92.9869 116.185
5 92.9955 129.4
5 93.0032 542.005
5 93.005 151.035
5 93.0117 30.8043
5 93.0441 194.024
5 93.0493 198.177
5 93.0543 134.463
5 93.0618 30.7986
5 93.0942 441.501
5 93.0965 23.8163
5 93.1385 119.303
5 93.1469 45.1549
5 93.169 407.997
5 93.1715 274.801
5 93.1751 231.481
5 93.1794 165.755
5 93.1855 58.8616
5 93.2024 301.932
5 93.2058 67.3129
5 93.2206 9.66156
5 93.3241 74.4546
5 93.3375 346.861
5 93.3404 282.725
5 93.344 238.949
5 93.3482 88.4877
5 93.3595 493.827
5 93.3615 153.398
5 93.368 134.844
5 93.3754 1.11823

6 94.3494 23.461
6 94.392 290.107
6 94.3955 36.414
6 94.423 53.2822
6 94.4417 98.8826
6 94.4518 274.801
6 94.4555 424.088
6 94.4578 279.642
6 94.4614 127.714
6 94.4692 291.375
6 94.4727 241.546
6 94.4768 219.587
6 94.4814 280.82
6 94.4849 94.2418
6 94.4955 163.8
6 94.5016 372.024
6 94.5043 130.463
6 94.512 245.098
6 94.5161 141.243
6 94.5232 223.115
6 94.5276 267.308
6 94.5314 294.204
6 94.5348 116.387
6 94.5434 653.595
6 94.5449 186.428
6 94.5503 251.572
6 94.5542 363.504
6 94.557 218.436
6 94.5616 797.448
6 94.5628 178.54
6 94.5684 438.02
6 94.5707 230.203
6 94.5751 178.348
6 94.5807 242.954
6 94.5848 117.165
6 94.5933 140.351
6 94.6004 214.225
6 94.6051 248.756
6 94.6091 171.821
6 94.6149 205.634
6 94.6198 291.121
6 94.6232 106.838
6 94.6326 120.685
6 94.6409 645.995
6 94.6424 190.367
6 94.6477 189.286
6 94.653 454.133
6 94.6552 141.663
6 94.6622 174.338
6 94.668 156.055
6 94.6744 195.274
6 94.6795 143.246
6 94.6865 740.741
6 94.6878 388.5
6 94.6904 159.642
6 94.6967 468.165
6 94.6988 255.037
6 94.7027 127.714
6 94.7106 243.132
6 94.7147 859.107
6 94.7158 536.769
6 94.7177 281.057
6 94.7212 244.559
6 94.7253 414.079
6 94.7278 237.586
6 94.732 550.055
6 94.7338 435.161
6 94.7361 250.627
6 94.7401 222.222
6 94.7446 285.633
6 94.7481 129.55
6 94.7558 174.246
6 94.7615 109.541
6 94.7707 391.696
6 94.7732 77.7182
6 94.7861 264.971
6 94.7899 203.874
6 94.7948 998.004
6 94.7958 75.2785
6 94.809 202.758
6 94.814 139.938
6 94.8211 594.177
6 94.8228 347.947
6 94.8257 155.4
6 94.8321 71.8856
6 94.846 211.64
6 94.8507 177.494
6 94.8564 158.428
6 94.8627 620.732
6 94.8643 630.12
6 94.8659 171.644
6 94.8717 133.12
6 94.8792 209.38
6 94.884 556.483
6 94.8858 76.2079
6 94.8989 582.751
6 94.9006 103.907
6 94.9103 771.605
6 94.9116 218.007
6 94.9161 300.842
6 94.9195 126.936
6 94.9274 220.751
6 94.9319 90.3587
6 94.9429 132.749
6 94.9505 170.155
6 94.9564 626.566
6 94.958 143.369
6 94.9649 48.0584
6 94.9857 40.2382
6 95.0106 139.938
6 95.0177 151.86
6 95.0243 468.165
6 95.0265 364.299
6 95.0292 263.713
6 95.033 300.3
6 95.0363 430.663
6 95.0386 295.508
6 95.042 505.051
6 95.044 126.55
6 95.0519 203.376
6 95.0568 141.123
6 95.0639 188.324
6 95.0692 599.52
6 95.0709 351.989
6 95.0737 112.461
6 95.0826 55.2883
6 95.1007 222.37
6 95.1052 54.1829
6 95.1237 238.949
6 95.1278 152.625
6 95.1344 38.0952
6 95.1607 10.8004
6 95.2532 192.901
6 95.2584 161.264
6 95.2646 15.7754
6 95.328 1.20814

7 96.1599 56.5643
7 96.1776 154.607
7 96.1841 169.119
7 96.19 80.2633
7 96.2025 8.44053
7 96.3209 249.875
7 96.3249 115.34
7 96.3336 33.6191
7 96.3634 174.795
7 96.3691 48.4848
7 96.3897 213.812
7 96.3944 252.525
7 96.3983 579.71
7 96.4001 80.5542
7 96.4125 138.889
7 96.4197 124.844
7 96.4277 462.321
7 96.4299 254.647
7 96.4338 520.833
7 96.4357 304.971
7 96.439 348.311
7 96.4418 276.855
7 96.4455 251.762
7 96.4494 274.123
7 96.4531 712.251
7 96.4545 101.379
7 96.4643 237.925
7 96.4686 246.914
7 96.4726 88.5112
7 96.4839 112.196
7 96.4928 143.369
7 96.4998 229.727
7 96.5041 341.53
7 96.5071 370.37
7 96.5098 416.146
7 96.5122 148.214
7 96.5189 146.649
7 96.5257 318.066
7 96.5289 222.37
7 96.5334 666.667
7 96.5349 192.012
7 96.5401 82.6925
7 96.5522 124.378
7 96.5602 333
7 96.5632 723.066
7 96.5646 203.874
7 96.5695 318.674
7 96.5726 214.5
7 96.5773 431.779
7 96.5796 182.05
7 96.5851 270.343
7 96.5888 161.655
7 96.595 370.782
7 96.5977 102.596
7 96.6074 143.988
7 96.6144 423.549
7 96.6168 269.251
7 96.6205 402.091
7 96.623 558.347
7 96.6247 366.3
7 96.6275 232.288
7 96.6318 87.0322
7 96.6433 331.675
7 96.6463 304.971
7 96.6496 466.2
7 96.6517 469.484
7 96.6538 232.937
7 96.6581 212.179
7 96.6628 373.692
7 96.6655 184.264
7 96.671 397.772
7 96.6735 196.657
7 96.6785 199.84
7 96.6836 206.526
7 96.6884 133.12
7 96.6959 425.17
7 96.6983 140.825
7 96.7054 245.821
7 96.7094 220.022
7 96.714 568.828
7 96.7157 530.786
7 96.7176 494.56
7 96.7196 189.394
7 96.7249 345.423
7 96.7278 529.101
7 96.7297 103.455
7 96.7394 632.511
7 96.7409 115.62
7 96.7496 330.36
7 96.7526 479.616
7 96.7547 160.256
7 96.761 44.9357
7 96.7832 184.162
7 96.7886 80.6127
7 96.801 122.324
7 96.8092 86.9868
7 96.8207 357.654
7 96.8235 165.508
7 96.8295 138.6
7 96.8368 376.223
7 96.8394 107.945
7 96.8487 690.131
7 96.8501 266.241
7 96.8539 111.037
7 96.8629 436.3
7 96.8652 138.715
7 96.8724 161.108
7 96.8786 45.2161
7 96.9007 448.632
7 96.9029 73.2118
7 96.9166 747.384
7 96.9179 175.346
7 96.9236 114.155
7 96.9324 514.403
7 96.9344 158.806
7 96.9407 261.438
7 96.9445 548.246
7 96.9463 107.875
7 96.9556 268.601
7 96.9593 149.142
7 96.966 95.3198
7 96.9765 127.129
7 96.9844 55.4723
7 97.0024 72.1501
7 97.0162 91.1494
7 97.0272 60.2882
7 97.0438 178.158
7 97.0494 56.164
7 97.0672 37
7 97.0942 40.4482
7 97.119 56.1451
7 97.1368 211.238
7 97.1415 50.3601
7 97.1614 185.185
7 97.1668 45.5498
7 97.1887 194.59
7 97.1939 192.678
7 97.1991 245.821
7 97.2031 76.858
7 97.2161 213.675
7 97.2208 191.461
7 97.226 221.926
7 97.2305 126.167
7 97.2385 84.3455
7 97.2503 142.511
7 97.2573 67.7782
7 97.2721 30.087
7 97.3053 43.9116
7 97.3281 1.07439

8 98.3101 88.3236
8 98.3215 14.6148
8 98.3899 58.9136
8 98.4069 43.4707
8 98.4299 89.1742
8 98.4411 65.9413
8 98.4562 383.583
8 98.4589 213.95
8 98.4635 157.754
8 98.4699 176.46
8 98.4755 326.158
8 98.4786 217.723
8 98.4832 99.7705
8 98.4932 232.126
8 98.4975 106.838
8 98.5069 54.1389
8 98.5254 119.99
8 98.5337 202.265
8 98.5386 156.495
8 98.545 170.59
8 98.5509 136.668
8 98.5582 600.601
8 98.5599 274.123
8 98.5635 133.654
8 98.571 181.455
8 98.5765 181.159
8 98.582 149.41
8 98.5887 161.108
8 98.5949 331.675
8 98.5979 279.408
8 98.6015 124.378
8 98.6096 529.101
8 98.6115 287.356
8 98.6149 691.563
8 98.6164 166.417
8 98.6224 309.502
8 98.6256 155.183
8 98.6321 138.37
8 98.6393 336.361
8 98.6423 340.483
8 98.6452 238.265
8 98.6494 379.219
8 98.652 888.889
8 98.6532 245.278
8 98.6572 323.625
8 98.6603 319.285
8 98.6635 164.528
8 98.6695 153.681
8 98.676 115.46
8 98.6847 223.264
8 98.6892 364.299
8 98.6919 161.499
8 98.6981 165.92
8 98.7041 284.657
8 98.7077 610.501
8 98.7093 118.963
8 98.7177 207.297
8 98.7225 388.954
8 98.7251 214.638
8 98.7298 141.123
8 98.7368 183.959
8 98.7423 203.998
8 98.7472 108.401
8 98.7564 107.875
8 98.7657 173.883
8 98.7714 302.206
8 98.7747 732.601
8 98.7761 419.815
8 98.7785 133.28
8 98.786 94.4287
8 98.7966 239.464
8 98.8008 147.297
8 98.8075 194.477
8 98.8127 76.3475
8 98.8258 481.696
8 98.8279 86.1549
8 98.8395 344.353
8 98.8424 601.685
8 98.844 601.685
8 98.8457 133.067
8 98.8532 469.484
8 98.8553 273.898
8 98.859 184.162
8 98.8644 345.066
8 98.8673 152.277
8 98.8739 162.999
8 98.88 246.731
8 98.8841 248.942
8 98.8881 147.493
8 98.8949 166.334
8 98.9009 257.202
8 98.9048 74.2721
8 98.9182 512.033
8 98.9202 1068.38
8 98.9211 195.963
8 98.9262 188.111
8 98.9315 704.722
8 98.933 138.37
8 98.9402 185.908
8 98.9456 180.473
8 98.9511 234.742
8 98.9554 371.195
8 98.9581 375.799
8 98.9607 425.713
8 98.9631 278.242
8 98.9667 300.571
8 98.97 628.931
8 98.9716 328.731
8 98.9746 148.017
8 98.9814 271.444
8 98.9851 115.46
8 98.9937 177.588
8 98.9994 140.174
8 99.0065 125.125
8 99.0145 126.119
8 99.0224 137.231
8 99.0297 550.964
8 99.0315 142.146
8 99.0385 103.681
8 99.0482 566.893
8 99.05 92.4129
8 99.0608 85.8885
8 99.0724 328.084
8 99.0755 777.001
8 99.0768 297.885
8 99.0801 222.668
8 99.0846 110.302
8 99.0937 119.861
8 99.102 115.58
8 99.1107 69.604
8 99.125 11.9921
8 99.2084 20.7607
8 99.2566 153.398
8 99.2631 151.584
8 99.2697 63.3955
8 99.2855 451.06
8 99.2877 191.241
8 99.2929 250.815
8 99.2969 463.607
8 99.2991 147.037
8 99.3059 113.34
8 99.3147 223.264
8 99.3192 296.56
8 99.3225 117.247
8 99.3311 103.713
8 99.3407 254.842
8 99.3446 395.413
8 99.3472 127.567
8 99.355 402.576
8 99.3575 137.287
8 99.3648 235.073
8 99.369 222.074
8 99.3735 264.76
8 99.3773 159.185
8 99.3836 101.75
8 99.3934 73.2762
8 99.4071 1.19855

9 100.307 30.3003
9 100.34 147.037
9 100.347 27.4303
9 100.383 48.676
9 100.404 107.285
9 100.413 261.438
9 100.417 430.108
9 100.419 220.022
9 100.424 86.6701
9 100.435 121.521
9 100.443 124.75
9 100.451 125.125
9 100.459 341.53
9 100.462 88.9601
9 100.474 127.421
9 100.481 204.876
9 100.486 169.549
9 100.492 71.0732
9 100.506 283.688
9 100.51 187.371
9 100.515 245.278
9 100.519 372.439
9 100.522 615.006
9 100.523 130.719
9 100.531 285.878
9 100.535 229.253
9 100.539 118.793
9 100.547 626.566
9 100.549 122.234
9 100.557 192.901
9 100.562 144.739
9 100.569 693.001
9 100.571 132.644
9 100.578 495.295
9 100.58 381.825
9 100.583 571.755
9 100.585 195.963
9 100.59 340.136
9 100.593 114.982
9 100.601 132.118
9 100.609 246.002
9 100.613 84.0901
9 100.625 132.749
9 100.632 609.385
9 100.634 638.57
9 100.636 318.37
9 100.639 289.101
9 100.642 198.295
9 100.647 230.044
9 100.652 257.599
9 100.656 749.064
9 100.657 213.95
9 100.662 336.7
9 100.664 147.167
9 100.671 139.704
9 100.678 831.255
9 100.68 674.764
9 100.681 275.71
9 100.685 791.766
9 100.686 153.539
9 100.693 181.752
9 100.698 516.796
9 100.7 205.381
9 100.705 184.468
9 100.71 194.477
9 100.715 530.786
9 100.717 144.3
9 100.724 273
9 100.728 162.76
9 100.734 166.417
9 100.74 192.123
9 100.745 630.12
9 100.747 152.138
9 100.753 130.719
9 100.761 196.541
9 100.766 205.888
9 100.771 501.253
9 100.773 243.309
9 100.777 95.4016
9 100.788 165.18
9 100.794 208.725
9 100.798 69.9692
9 100.813 158.278
9 100.819 197.824
9 100.824 47.2277
9 100.845 77.5194
9 100.858 547.345
9 100.86 228.624
9 100.864 554.631
9 100.866 611.621
9 100.868 612.745
9 100.869 131.7
9 100.877 156.055
9 100.883 64.0164
9 100.899 172.712
9 100.905 429.553
9 100.907 168.18
9 100.913 134.3
9 100.921 444.444
9 100.923 60.3755
9 100.939 110.448
9 100.948 136.5
9 100.956 130.822
9 100.963 128.008
9 100.971 516.796
9 100.973 164.853
9 100.979 256.41
9 100.983 170.068
9 100.989 488.759
9 100.991 298.686
9 100.994 116.673
9 101.003 186.532
9 101.008 222.816
9 101.013 384.025
9 101.015 161.186
9 101.022 129.601
9 101.029 141.904
9 101.036 229.885
9 101.041 120.642
9 101.049 31.0308
9 101.081 60.4522
9 101.098 140.647
9 101.105 25.457
9 101.144 134.898
9 101.152 40.8447
9 101.176 879.507
9 101.177 22.5408
9 101.222 40.5367
9 101.246 12.7207
9 101.325 1.24393

10 102.248 77.3575
10 102.261 138.658
10 102.269 27.1444
10 102.305 72.0409
10 102.319 20.2955
10 102.369 98.4155
10 102.379 47.8515
10 102.4 62.282
10 102.416 83.71
10 102.428 157.754
10 102.434 72.2596
10 102.448 120.034
10 102.456 303.859
10 102.459 61.3196
10 102.476 138.37
10 102.483 106.022
10 102.492 344.709
10 102.495 157.381
10 102.502 332.668
10 102.505 359.583
10 102.507 206.143
10 102.512 461.042
10 102.514 357.654
10 102.517 217.439
10 102.522 438.02
10 102.524 137.4
10 102.531 237.417
10 102.536 406.009
10 102.538 283.447
10 102.542 303.582
10 102.545 179.115
10 102.55 175.994
10 102.556 419.815
10 102.559 231.965
10 102.563 145.751
10 102.57 128.254
10 102.577 648.508
10 102.579 122.639
10 102.587 118.835
10 102.596 86.1549
10 102.607 164.285
10 102.613 160.72
10 102.62 122.145
10 102.628 410.509
10 102.63 793.651
10 102.631 251.953
10 102.635 205.508
10 102.64 388.048
10 102.643 331.016
10 102.646 542.888
10 102.648 470.146
10 102.65 207.426
10 102.655 427.35
10 102.657 303.859
10 102.66 160.565
10 102.666 476.872
10 102.669 227.842
10 102.673 81.7194
10 102.685 555.556
10 102.687 264.131
10 102.691 617.284
10 102.692 296.56
10 102.696 234.742
10 102.7 415.628
10 102.702 164.042
10 102.709 200.682
10 102.714 164.366
10 102.72 1007.05
10 102.721 201.776
10 102.726 171.733
10 102.731 208.594
10 102.736 199.84
10 102.741 223.414
10 102.746 502.008
10 102.748 127.324
10 102.755 116.144
10 102.764 579.71
10 102.766 197.006
10 102.771 286.615
10 102.774 45.0207
10 102.797 167.252
10 102.803 237.756
10 102.807 118.624
10 102.815 146.585
10 102.822 361.925
10 102.825 154.464
10 102.831 178.923
10 102.837 125.078
10 102.845 117.661
10 102.853 264.34
10 102.857 222.668
10 102.862 66.8271
10 102.877 341.18
10 102.88 223.264
10 102.884 144.928
10 102.891 127.812
10 102.899 184.06
10 102.904 322.685
10 102.907 174.429
10 102.913 277.546
10 102.917 358.809
10 102.919 187.056
10 102.925 192.123
10 102.93 378.788
10 102.933 92.5926
10 102.943 165.837
10 102.949 283.93
10 102.953 188.964
10 102.958 263.922
10 102.962 109.721
10 102.971 406.009
10 102.974 140.706
10 102.981 55.2517
10 102.999 221.484
10 103.003 177.968
10 103.009 318.979
10 103.012 350.508
10 103.015 207.039
10 103.02 128.75
10 103.028 107.492
10 103.037 129.904
10 103.045 74.6714
10 103.058 56.1924
10 103.076 179.115
10 103.081 24.2707
10 103.122 43.2788
10 103.146 57.5606
10 103.163 65.9935
10 103.178 42.7186
10 103.202 42.5659
10 103.225 414.079
10 103.227 69.8812
10 103.242 72.9235
10 103.255 67.7782
10 103.27 57.0679
10 103.288 0.0118039

11 188.043 106.667
11 188.052 30.6035
11 188.085 257.998
11 188.089 74.8223
11 188.102 598.444
11 188.104 223.714
11 188.108 172.087
11 188.114 490.196
11 188.116 146.843
11 188.123 280.112
11 188.126 160.565
11 188.133 125.172
11 188.141 801.282
11 188.142 190.042
11 188.147 100.735
11 188.157 378.358
11 188.16 271.444
11 188.163 342.936
11 188.166 261.028
11 188.17 200.682
11 188.175 662.691
11 188.177 335.683
11 188.18 289.101
11 188.183 199.481
11 188.188 199.72
11 188.193 550.964
11 188.195 250.438
11 188.199 190.913
11 188.204 258.398
11 188.208 198.649
11 188.213 185.082
11 188.218 461.042
11 188.221 944.287
11 188.222 814.996
11 188.223 262.674
11 188.227 734.214
11 188.228 254.453
11 188.232 578.704
11 188.234 346.861
11 188.237 262.055
11 188.24 175.254
11 188.246 652.316
11 188.248 318.674
11 188.251 248.942
11 188.255 623.053
11 188.256 443.853
11 188.259 483.793
11 188.261 585.823
11 188.262 310.366
11 188.266 233.263
11 188.27 457.247
11 188.272 431.779
11 188.274 513.611
11 188.276 277.085
11 188.28 628.931
11 188.282 502.765
11 188.284 440.917
11 188.286 229.253
11 188.29 196.889
11 188.295 186.116
11 188.301 193.237
11 188.306 194.363
11 188.311 337.041
11 188.314 676.133
11 188.315 411.523
11 188.318 162.443
11 188.324 207.297
11 188.329 601.685
11 188.33 290.36
11 188.334 188.324
11 188.339 596.303
11 188.341 238.777
11 188.345 201.167
11 188.35 264.34
11 188.354 268.817
11 188.358 609.385
11 188.359 163.079
11 188.365 208.986
11 188.37 252.143
11 188.374 252.717
11 188.378 106.564
11 188.387 520.021
11 188.389 424.088
11 188.392 254.842
11 188.396 195.963
11 188.401 197.122
11 188.406 223.414
11 188.41 652.316
11 188.412 150.218
11 188.418 452.284
11 188.421 255.624
11 188.425 831.255
11 188.426 286.862
11 188.429 572.738
11 188.431 336.361
11 188.434 517.598
11 188.436 509.684
11 188.438 243.487
11 188.442 301.932
11 188.445 130.668
11 188.453 365.097
11 188.456 531.632
11 188.458 187.371
11 188.463 155.111
11 188.469 438.596
11 188.472 721.501
11 188.473 142.816
11 188.48 134.084
11 188.487 596.303
11 188.489 256.805
11 188.493 261.643
11 188.497 184.672
11 188.502 241.546
11 188.506 210.97
11 188.511 173.521
11 188.517 174.246
11 188.523 135.227
11 188.53 170.765
11 188.536 125.36
11 188.544 531.632
11 188.546 316.857
11 188.549 176.835
11 188.555 856.898
11 188.556 262.055
11 188.56 191.791
11 188.565 718.391
11 188.566 258.398
11 188.57 212.585
11 188.575 195.274
11 188.58 117.371
11 188.588 390.32
11 188.591 188.111
11 188.596 95.7304
11 188.607 334.336
11 188.61 423.012
11 188.612 184.98
11 188.617 561.167
11 188.619 146.52
11 188.626 423.012
11 188.628 99.3542
11 188.638 138.658
11 188.646 266.028
11 188.649 119.99
11 188.658 195.16
11 188.663 440.917
11 188.665 283.206
11 188.669 310.078
11 188.672 240.674
11 188.676 296.296
11 188.679 299.222
11 188.683 542.888
11 188.685 430.108
11 188.687 284.172
11 188.691 217.155
11 188.695 850.34
11 188.696 160.102
11 188.703 827.13
11 188.704 508.13
11 188.706 140.115
11 188.713 375.799
11 188.716 446.229
11 188.718 460.405
11 188.72 241.196
11 188.724 156.421
11 188.73 118.455
11 188.739 382.263
11 188.742 260.417
11 188.745 208.986
11 188.75 92.9541
11 188.761 87.3973
11 188.772 432.9
11 188.775 110.963
11 188.784 98.3284
11 188.794 101.163
11 188.804 102.912
11 188.813 525.762
11 188.815 213.129
11 188.82 79.6495
11 188.833 72.7008
11 188.846 138.543
11 188.854 118.203
11 188.862 115.42
11 188.871 526.593
11 188.873 269.906
11 188.876 127.91
11 188.884 199.243
11 188.889 322.685
11 188.892 247.647
11 188.896 293.169
11 188.9 164.609
11 188.906 166.168
11 188.912 534.188
11 188.914 213.265
11 188.918 167.504
11 188.924 150.557
11 188.931 551.876
11 188.933 219.298
11 188.937 84.6453
11 188.949 64.2261
11 188.965 69.3577
11 188.979 78.0823
11 188.992 286.369
11 188.995 1.43192

12 189.701 536.769
12 189.703 120.207
12 189.711 6.38178
12 189.868 19.548
12 189.919 157.381
12 189.926 77.918
12 189.939 69.7204
12 189.953 310.078
12 189.956 301.114
12 189.959 97.7517
12 189.97 807.103
12 189.971 106.259
12 189.98 501.253
12 189.982 120.598
12 189.991 59.8444
12 190.007 68.6012
12 190.022 60.4084
12 190.038 45.0938
12 190.061 190.259
12 190.066 67.3537
12 190.081 41.6563
12 190.105 114.273
12 190.113 156.055
12 190.12 179.888
12 190.125 116.795
12 190.134 381.388
12 190.137 287.604
12 190.14 345.423
12 190.143 304.414
12 190.146 398.724
12 190.149 133.333
12 190.156 968.992
12 190.157 254.647
12 190.161 185.185
12 190.167 127.861
12 190.174 183.655
12 190.18 270.563
12 190.184 651.042
12 190.185 175.994
12 190.191 331.675
12 190.194 345.066
12 190.197 548.246
12 190.199 196.309
12 190.204 113.033
12 190.212 169.119
12 190.218 394.945
12 190.221 155.69
12 190.227 299.491
12 190.231 593.12
12 190.232 259.202
12 190.236 920.81
12 190.237 517.598
12 190.239 193.798
12 190.244 153.681
12 190.251 124.008
12 190.259 481
12 190.261 231.481
12 190.265 169.463
12 190.271 626.566
12 190.273 198.649
12 190.278 190.042
12 190.283 216.591
12 190.288 76.929
12 190.301 181.258
12 190.306 252.908
12 190.31 568.828
12 190.312 221.043
12 190.317 177.305
12 190.322 597.372
12 190.324 260.01
12 190.328 303.582
12 190.331 309.215
12 190.334 330.688
12 190.337 739.098
12 190.339 199.243
12 190.344 253.678
12 190.348 332.336
12 190.351 225.989
12 190.355 335.683
12 190.358 286.615
12 190.361 168.265
12 190.367 503.525
12 190.369 657.462
12 190.371 177.399
12 190.377 210.172
12 190.381 558.347
12 190.383 180.083
12 190.389 266.88
12 190.392 224.165
12 190.397 239.292
12 190.401 135.833
12 190.408 330.36
12 190.411 274.801
12 190.415 591.017
12 190.417 232.612
12 190.421 609.385
12 190.423 92.1829
12 190.434 125.455
12 190.442 231.965
12 190.446 199.96
12 190.451 177.305
12 190.456 142.328
12 190.463 162.048
12 190.47 321.75
12 190.473 214.362
12 190.477 263.713
12 190.481 1010.1
12 190.482 180.766
12 190.488 180.18
12 190.493 508.13
12 190.495 356.125
12 190.498 384.025
12 190.501 169.808
12 190.507 759.301
12 190.508 466.2
12 190.51 156.937
12 190.516 141.183
12 190.523 298.686
12 190.527 195.389
12 190.532 109.613
12 190.541 223.564
12 190.546 417.188
12 190.548 884.173
12 190.549 164.609
12 190.555 113.649
12 190.564 158.428
12 190.57 293.427
12 190.574 608.273
12 190.575 219.154
12 190.58 47.9547
12 190.601 94.162
12 190.611 595.238
12 190.613 119.303
12 190.621 142.511
12 190.628 91.9287
12 190.639 543.774
12 190.641 39.8438
12 190.666 92.8247
12 190.677 81.2414
12 190.689 664.011
12 190.691 251.762
12 190.695 952.381
12 190.696 270.124
12 190.7 764.526
12 190.701 357.27
12 190.704 829.187
12 190.705 115.38
12 190.714 140.351
12 190.721 626.566
12 190.722 333.333
12 190.725 739.098
12 190.727 62.9287
12 190.743 289.352
12 190.746 79.8403
12 190.758 574.713
12 190.76 166.417
12 190.766 176.554
12 190.772 971.817
12 190.773 534.188
12 190.775 162.206
12 190.781 180.278
12 190.787 116.632
12 190.795 128.205
12 190.803 186.846
12 190.808 128.75
12 190.816 112.082
12 190.825 113.186
12 190.834 269.469
12 190.837 9.76
12 190.94 55.0782
12 190.958 153.398
12 190.965 135.336
12 190.972 102.281
12 190.982 176.367
12 190.987 380.084
12 190.99 161.108
12 190.996 218.723
12 191.001 313.283
12 191.004 130.107
12 191.012 462.321
12 191.014 457.875
12 191.016 223.264
12 191.021 227.376
12 191.025 263.505
12 191.029 189.825
12 191.034 773.395
12 191.035 167.673
12 191.041 69.185
12 191.056 309.215
12 191.059 257.202
12 191.063 59.0493
12 191.08 3.06815

13 191.844 108.19
13 191.854 66.5203
13 191.869 366.703
13 191.871 125.455
13 191.879 279.174
13 191.883 80.4376
13 191.895 215.471
13 191.9 70.4722
13 191.914 329.707
13 191.917 202.634
13 191.922 151.24
13 191.929 134.246
13 191.936 417.711
13 191.939 239.292
13 191.943 156.715
13 191.949 147.82
13 191.956 163.961
13 191.962 90.2364
13 191.973 132.223
13 191.981 132.013
13 191.988 384.025
13 191.991 656.168
13 191.993 193.911
13 191.998 257.4
13 192.002 603.865
13 192.003 213.812
13 192.008 358.038
13 192.011 813.008
13 192.012 165.92
13 192.018 215.889
13 192.023 235.738
13 192.027 154.107
13 192.033 537.634
13 192.035 552.792
13 192.037 336.022
13 192.04 84.3028
13 192.052 276.855
13 192.055 217.297
13 192.06 524.934
13 192.062 113.572
13 192.071 207.426
13 192.076 159.337
13 192.082 108.015
13 192.091 188.537
13 192.096 124.193
13 192.104 88.3704
13 192.116 660.066
13 192.117 5.53048
13 192.298 805.153
13 192.299 266.454
13 192.303 84.0689
13 192.315 292.398
13 192.318 502.008
13 192.32 322.061
13 192.323 205.634
13 192.328 200.682
13 192.333 269.687
13 192.337 542.888
13 192.339 353.857
13 192.342 301.932
13 192.345 169.549
13 192.351 292.912
13 192.354 367.107
13 192.357 542.005
13 192.359 190.476
13 192.364 314.762
13 192.367 466.853
13 192.369 178.348
13 192.375 188.111
13 192.38 203.252
13 192.385 194.59
13 192.39 426.803
13 192.393 175.346
13 192.399 401.123
13 192.401 310.366
13 192.404 170.068
13 192.41 185.391
13 192.415 240.154
13 192.42 791.766
13 192.421 168.095
13 192.427 79.4029
13 192.439 184.264
13 192.445 217.865
13 192.449 143
13 192.456 351.247
13 192.459 172.98
13 192.465 543.774
13 192.467 271.665
13 192.471 490.196
13 192.473 145.751
13 192.48 451.06
13 192.482 147.102
13 192.489 297.885
13 192.492 159.642
13 192.498 203.625
13 192.503 162.999
13 192.509 569.801
13 192.511 416.146
13 192.513 133.494
13 192.521 547.345
13 192.523 135.612
13 192.53 59.5026
13 192.547 710.732
13 192.548 222.519
13 192.553 122.594
13 192.561 391.696
13 192.563 60.3646
13 192.58 77.918
13 192.593 42.4142
13 192.616 320.513
13 192.62 289.603
13 192.623 206.654
13 192.628 212.721
13 192.633 541.126
13 192.634 274.801
13 192.638 153.822
13 192.645 412.541
13 192.647 176.367
13 192.653 132.749
13 192.66 245.459
13 192.664 323.625
13 192.667 200.682
13 192.672 174.611
13 192.678 156.348
13 192.684 270.783
13 192.688 537.634
13 192.69 205.255
13 192.695 141.423
13 192.702 321.75
13 192.705 185.908
13 192.71 823.045
13 192.712 739.098
13 192.713 265.393
13 192.717 189.179
13 192.722 189.717
13 192.727 239.292
13 192.732 399.68
13 192.734 194.704
13 192.739 327.118
13 192.742 312.402
13 192.745 54.1741
13 192.764 20.7749
13 192.812 33.3133
13 192.842 38.0822
13 192.868 163.559
13 192.874 119.261
13 192.883 339.098
13 192.886 328.731
13 192.889 177.588
13 192.894 530.786
13 192.896 258.198
13 192.9 123.503
13 192.908 212.857
13 192.913 220.167
13 192.917 204.248
13 192.922 202.265
13 192.927 863.558
13 192.928 268.601
13 192.932 202.388
13 192.937 147.558
13 192.944 206.911
13 192.949 177.211
13 192.954 162.285
13 192.961 497.512
13 192.963 86.0215
13 192.974 29.7141
13 193.008 11.9577
13 193.091 92.3617
13 193.102 122.73
13 193.11 65.1806
13 193.126 754.148
13 193.127 101.01
13 193.137 162.206
13 193.143 148.148
13 193.15 231.642
13 193.154 138.427
13 193.161 96.3391
13 193.172 194.137
13 193.177 125.976
13 193.185 145.879
13 193.192 79.9169
13 193.204 1.99576

14 193.711 101.75
14 193.721 248.201
14 193.725 143.308
14 193.732 306.937
14 193.735 8.74225
14 193.849 20.9855
14 193.897 184.06
14 193.903 322.061
14 193.906 153.681
14 193.912 187.161
14 193.917 151.24
14 193.924 294.985
14 193.927 191.131
14 193.933 194.932
14 193.938 225.989
14 193.942 561.167
14 193.944 137.855
14 193.951 240.674
14 193.955 103.972
14 193.965 164.204
14 193.971 126.119
14 193.979 115.741
14 193.988 370.782
14 193.99 88.3939
14 194.002 9.28272
14 194.109 432.9
14 194.112 48.4919
14 194.132 150.015
14 194.139 266.028
14 194.143 423.549
14 194.145 197.472
14 194.15 203.998
14 194.155 247.097
14 194.159 645.995
14 194.161 213.675
14 194.165 207.168
14 194.17 192.901
14 194.175 312.402
14 194.179 142.389
14 194.186 116.673
14 194.194 1044.93
14 194.195 200.441
14 194.2 137.684
14 194.207 203.749
14 194.212 232.45
14 194.217 301.932
14 194.22 223.264
14 194.224 194.59
14 194.23 135.999
14 194.237 160.102
14 194.243 347.222
14 194.246 121.655
14 194.254 173.43
14 194.26 198.531
14 194.265 360.36
14 194.268 488.759
14 194.27 147.623
14 194.277 176.274
14 194.282 468.823
14 194.284 181.653
14 194.29 470.81
14 194.292 138.543
14 194.299 508.13
14 194.301 321.44
14 194.304 342.231
14 194.307 237.079
14 194.312 272.777
14 194.315 139.704
14 194.322 152.975
14 194.329 484.496
14 194.331 341.18
14 194.334 162.443
14 194.34 304.971
14 194.343 636.132
14 194.345 533.333
14 194.347 238.436
14 194.351 488.043
14 194.353 390.32
14 194.356 202.758
14 194.361 146.327
14 194.367 408.497
14 194.37 704.722
14 194.371 335.008
14 194.374 369.549
14 194.377 470.146
14 194.379 195.503
14 194.384 320.513
14 194.387 353.857
14 194.39 265.604
14 194.394 354.61
14 194.397 528.262
14 194.399 143.678
14 194.406 299.222
14 194.409 224.467
14 194.413 377.501
14 194.416 308.928
14 194.419 392.619
14 194.422 193.573
14 194.427 180.963
14 194.432 230.362
14 194.437 215.193
14 194.441 155.982
14 194.448 176.929
14 194.454 127.616
14 194.461 79.6876
14 194.474 706.215
14 194.475 131.337
14 194.483 1051.52
14 194.484 140.944
14 194.491 77.3036
14 194.504 398.724
14 194.506 430.663
14 194.509 135.722
14 194.516 183.554
14 194.522 129.904
14 194.529 183.352
14 194.535 229.885
14 194.539 86.6026
14 194.551 718.391
14 194.552 64.2261
14 194.568 37.1402
14 194.594 189.609
14 194.6 152.416
14 194.606 819.001
14 194.608 152.835
14 194.614 431.779
14 194.616 248.385
14 194.62 174.978
14 194.626 597.372
14 194.628 140.233
14 194.635 176.835
14 194.641 225.073
14 194.645 520.833
14 194.647 273.898
14 194.651 218.293
14 194.655 152.975
14 194.662 223.264
14 194.666 141.123
14 194.673 652.316
14 194.675 231.16
14 194.679 93.6856
14 194.69 114.116
14 194.699 228.938
14 194.703 59.5026
14 194.72 40.8597
14 194.744 25.2067
14 194.784 48.84
14 194.804 68.334
14 194.819 144.55
14 194.826 182.648
14 194.831 292.141
14 194.835 185.494
14 194.84 235.738
14 194.844 354.61
14 194.847 318.674
14 194.85 290.107
14 194.854 347.947
14 194.857 483.092
14 194.859 166.003
14 194.865 248.201
14 194.869 193.125
14 194.874 170.678
14 194.88 266.241
14 194.884 250.815
14 194.888 591.017
14 194.889 450.45
14 194.892 190.259
14 194.897 148.743
14 194.904 322.373
14 194.907 10.3327
14 195.003 76.1383
14 195.017 172.801
14 195.022 248.571
14 195.026 130.412
14 195.034 202.265
14 195.039 75.1258
14 195.052 203.128
14 195.057 112.803
14 195.066 509.684
14 195.068 196.309
14 195.073 437.445
14 195.075 284.414
14 195.079 117.702
14 195.087 97.2952
14 195.098 1.53077

15 195.769 94.4287
15 195.779 85.1209
15 195.791 412.541
15 195.793 99.5025
15 195.803 438.596
15 195.806 160.798
15 195.812 8.24429
15 195.933 76.9112
15 195.946 185.598
15 195.952 352.361
15 195.954 63.0597
15 195.97 236.911
15 195.975 108.225
15 195.984 837.521
15 195.985 223.864
15 195.989 324.254
15 195.993 78.5238
15 196.005 192.456
15 196.01 306.937
15 196.014 110.522
15 196.023 132.223
15 196.03 437.445
15 196.033 326.797
15 196.036 158.655
15 196.042 228.467
15 196.046 148.876
15 196.053 445.038
15 196.055 277.316
15 196.059 314.465
15 196.062 338.409
15 196.065 140.885
15 196.072 205.128
15 196.077 67.3945
15 196.092 251.572
15 196.096 68.0967
15 196.111 351.617
15 196.113 70.5617
15 196.128 201.41
15 196.133 244.918
15 196.137 154.107
15 196.143 286.862
15 196.147 132.749
15 196.154 304.136
15 196.157 169.291
15 196.163 297.619
15 196.167 146.585
15 196.174 408.998
15 196.176 814.996
15 196.177 173.16
15 196.183 625.391
15 196.185 261.849
15 196.188 394.945
15 196.191 444.444
15 196.193 87.7655
15 196.205 342.936
15 196.207 296.033
15 196.211 225.225
15 196.215 392.157
15 196.218 177.588
15 196.223 137.344
15 196.231 137.118
15 196.238 218.436
15 196.243 440.335
15 196.245 282.725
15 196.248 388.048
15 196.251 547.345
15 196.253 179.986
15 196.258 164.123
15 196.264 211.909
15 196.269 789.889
15 196.27 342.936
15 196.273 104.559
15 196.283 697.35
15 196.284 273.898
15 196.288 604.961
15 196.29 252.908
15 196.294 139.47
15 196.301 156.055
15 196.307 236.239
15 196.311 417.188
15 196.314 165.673
15 196.32 542.005
15 196.322 148.082
15 196.328 155.69
15 196.335 209.512
15 196.34 144.676
15 196.347 144.739
15 196.353 252.143
15 196.357 143.988
15 196.364 436.872
15 196.367 303.306
15 196.37 151.93
15 196.377 136.054
15 196.384 176.274
15 196.39 429.553
15 196.392 296.56
15 196.395 292.912
15 196.399 636.132
15 196.4 91.2492
15 196.411 114.351
15 196.42 109.541
15 196.429 795.545
15 196.43 553.71
15 196.432 126.887
15 196.44 257.202
15 196.444 401.123
15 196.446 70.4275
15 196.461 362.319
15 196.463 133.869
15 196.471 177.211
15 196.477 245.64
15 196.481 399.202
15 196.483 119.603
15 196.491 397.772
15 196.494 228.781
15 196.498 442.674
15 196.501 189.502
15 196.506 386.25
15 196.508 261.233
15 196.512 165.508
15 196.518 337.041
15 196.521 212.45
15 196.526 150.15
15 196.533 167.336
15 196.539 171.204
15 196.544 141.603
15 196.552 289.603
15 196.555 267.523
15 196.559 269.906
15 196.562 144.488
15 196.569 351.989
15 196.572 66.0066
15 196.587 109.613
15 196.596 102.849
15 196.606 78.3392
15 196.619 37.8659
15 196.645 109.039
15 196.655 24.0657
15 196.696 55.732
15 196.714 90.629
15 196.725 183.15
15 196.731 116.469
15 196.739 349.406
15 196.742 228.938
15 196.746 212.857
15 196.751 557.414
15 196.753 209.908
15 196.758 192.79
15 196.763 59.7586
15 196.78 595.238
15 196.781 448.632
15 196.783 221.631
15 196.788 239.464
15 196.792 75.1258
15 196.805 147.885
15 196.812 135.943
15 196.82 105.319
15 196.829 168.18
15 196.835 141.243
15 196.842 72.4008
15 196.856 121.168
15 196.864 289.855
15 196.868 73.2601
15 196.881 236.239
15 196.885 63.5163
15 196.901 291.63
15 196.905 30.0138
15 196.938 31.7007
15 196.97 76.8758
15 196.983 1.15523

16 197.908 25.9383
16 197.947 29.1401
16 197.981 20.0176
16 198.031 68.2361
16 198.046 29.3815
16 198.08 541.126
16 198.082 42.3227
16 198.105 106.701
16 198.115 85.2297
16 198.127 146.972
16 198.133 218.15
16 198.138 119.133
16 198.146 401.123
16 198.149 168.862
16 198.155 180.278
16 198.16 157.903
16 198.167 242.072
16 198.171 450.45
16 198.173 117.454
16 198.181 427.35
16 198.184 537.634
16 198.186 241.546
16 198.19 884.173
16 198.191 295.508
16 198.194 489.476
16 198.196 286.369
16 198.2 545.554
16 198.202 175.809
16 198.207 167.673
16 198.213 455.996
16 198.216 178.063
16 198.221 163.961
16 198.227 740.741
16 198.229 155.836
16 198.235 224.921
16 198.239 192.567
16 198.245 138.947
16 198.252 928.505
16 198.253 156.568
16 198.259 359.971
16 198.262 291.886
16 198.265 118.245
16 198.274 193.573
16 198.279 532.481
16 198.281 173.792
16 198.287 631.313
16 198.288 466.2
16 198.29 136.221
16 198.298 140.885
16 198.305 245.459
16 198.309 131.961
16 198.317 454.133
16 198.319 154.178
16 198.325 648.508
16 198.327 572.738
16 198.329 246.548
16 198.333 623.053
16 198.334 205.002
16 198.339 206.526
16 198.344 171.91
16 198.35 189.072
16 198.355 588.928
16 198.357 207.555
16 198.362 448.029
16 198.364 491.642
16 198.366 208.073
16 198.371 167.842
16 198.377 170.068
16 198.382 364.299
16 198.385 166.834
16 198.391 154.967
16 198.398 122.145
16 198.406 492.368
16 198.408 191.022
16 198.413 154.178
16 198.42 133.976
16 198.427 198.768
16 198.432 254.453
16 198.436 205.634
16 198.441 252.143
16 198.445 407.498
16 198.447 219.877
16 198.452 317.46
16 198.455 789.889
16 198.456 60.551
16 198.473 536.769
16 198.475 123.365
16 198.483 627.746
16 198.484 193.573
16 198.49 190.585
16 198.495 120.163
16 198.503 125.455
16 198.511 164.285
16 198.517 125.691
16 198.525 192.678
16 198.53 277.085
16 198.534 172.087
16 198.54 657.462
16 198.541 703.235
16 198.543 55.9754
16 198.561 375.375
16 198.563 40.5022
16 198.588 33.2635
16 198.618 4.6579
16 198.833 163.559
16 198.839 511.247
16 198.841 132.802
16 198.848 315.956
16 198.851 82.1423
16 198.864 778.816
16 198.865 157.233
16 198.871 374.532
16 198.874 307.503
16 198.877 127.081
16 198.885 453.515
16 198.887 131.7
16 198.895 609.385
16 198.896 312.989
16 198.9 323.625
16 198.903 356.125
16 198.906 493.097
16 198.908 454.133
16 198.91 317.763
16 198.913 120.992
16 198.921 173.611
16 198.927 179.888
16 198.932 454.752
16 198.935 724.638
16 198.936 407
16 198.939 423.549
16 198.941 243.309
16 198.945 216.732
16 198.95 224.316
16 198.954 290.36
16 198.958 579.71
16 198.959 303.306
16 198.963 664.011
16 198.964 384.911
16 198.967 206.271
16 198.971 238.436
16 198.976 253.678
16 198.98 263.505
16 198.983 109.541
16 198.993 165.508
16 198.999 68.5166
16 199.013 56.6604
16 199.031 269.906
16 199.035 88.3939
16 199.046 77.8816
16 199.059 1.30975

17 199.834 119.09
17 199.842 50.3373
17 199.862 196.889
17 199.867 135.062
17 199.875 192.345
17 199.88 74.0905
17 199.893 147.951
17 199.9 280.112
17 199.904 133.761
17 199.911 81.1227
17 199.924 120.861
17 199.932 7.1643
17 200.071 49.4633
17 200.092 40.5318
17 200.116 83.4794
17 200.128 128.304
17 200.136 101.968
17 200.146 340.832
17 200.149 224.921
17 200.153 195.963
17 200.158 381.388
17 200.161 220.459
17 200.165 138.947
17 200.173 218.866
17 200.177 470.146
17 200.179 339.098
17 200.182 231
17 200.187 397.772
17 200.189 188.75
17 200.194 223.264
17 200.199 171.468
17 200.205 517.598
17 200.207 183.857
17 200.212 223.564
17 200.217 177.399
17 200.222 267.738
17 200.226 377.929
17 200.229 186.428
17 200.234 346.141
17 200.237 142.025
17 200.244 547.345
17 200.246 492.368
17 200.248 274.348
17 200.251 141.483
17 200.258 97.8953
17 200.269 217.865
17 200.273 618.429
17 200.275 537.634
17 200.277 184.264
17 200.282 277.546
17 200.286 175.994
17 200.291 331.345
17 200.295 196.889
17 200.3 666.667
17 200.301 827.13
17 200.302 249.688
17 200.306 180.278
17 200.312 617.284
17 200.313 651.042
17 200.315 347.947
17 200.318 174.703
17 200.324 153.61
17 200.33 354.233
17 200.333 162.602
17 200.339 443.262
17 200.341 243.843
17 200.345 190.259
17 200.351 203.004
17 200.356 165.837
17 200.362 639.795
17 200.363 133.12
17 200.371 245.459
17 200.375 983.284
17 200.376 248.571
17 200.38 291.121
17 200.383 550.055
17 200.385 148.544
17 200.392 336.361
17 200.395 304.971
17 200.398 461.042
17 200.4 205.634
17 200.405 265.816
17 200.409 72.8916
17 200.423 75.4318
17 200.436 60.54
17 200.452 413.052
17 200.455 165.673
17 200.461 423.549
17 200.463 71.8081
17 200.477 92.7214
17 200.488 287.604
17 200.491 38.3759
17 200.517 44.5395
17 200.54 47.4631
17 200.561 105.119
17 200.57 139.295
17 200.578 305.25
17 200.581 407.498
17 200.583 521.648
17 200.585 215.61
17 200.59 432.339
17 200.592 172.801
17 200.598 333.333
17 200.601 421.408
17 200.603 363.108
17 200.606 676.133
17 200.608 200.682
17 200.613 90.0657
17 200.624 74.7049
17 200.637 101.968
17 200.647 97.0403
17 200.657 593.12
17 200.659 226.142
17 200.663 354.61
17 200.666 45.7436
17 200.688 124.378
17 200.696 31.2256
17 200.728 35.9893
17 200.756 38.1913
17 200.782 163.479
17 200.788 407
17 200.791 150.083
17 200.797 657.462
17 200.799 157.679
17 200.805 488.759
17 200.807 154.464
17 200.814 293.169
17 200.817 417.188
17 200.819 161.108
17 200.826 534.188
17 200.828 854.701
17 200.829 183.857
17 200.834 191.902
17 200.839 233.1
17 200.844 221.19
17 200.848 318.066
17 200.851 447.427
17 200.854 388.5
17 200.856 255.037
17 200.86 157.307
17 200.866 162.92
17 200.873 261.643
17 200.876 706.215
17 200.878 253.485
17 200.882 546.448
17 200.884 189.072
17 200.889 119.133
17 200.897 6.30608
17 201.056 1.5356

18 201.739 130.924
18 201.747 7.19569
18 201.886 41.6979
18 201.91 29.2809
18 201.944 27.9619
18 201.98 190.476
18 201.985 27.9384
18 202.021 33.0098
18 202.051 211.775
18 202.056 36.6986
18 202.083 274.801
18 202.087 175.901
18 202.093 140.233
18 202.1 59.9197
18 202.116 145.18
18 202.123 153.539
18 202.13 308.928
18 202.133 74.7552
18 202.146 169.463
18 202.152 593.12
18 202.154 217.581
18 202.159 163.559
18 202.165 235.905
18 202.169 299.76
18 202.172 489.476
18 202.174 186.324
18 202.18 257.4
18 202.184 440.917
18 202.186 163.559
18 202.192 884.173
18 202.193 269.251
18 202.197 319.591
18 202.2 388.5
18 202.203 591.017
18 202.204 291.886
18 202.208 270.124
18 202.211 625.391
18 202.213 250.627
18 202.217 408.998
18 202.219 167.926
18 202.225 636.132
18 202.227 1031.99
18 202.228 138.889
18 202.235 168.606
18 202.241 220.897
18 202.246 174.886
18 202.251 184.06
18 202.257 677.507
18 202.258 259.403
18 202.262 656.168
18 202.264 729.395
18 202.265 427.899
18 202.267 110.558
18 202.276 131.027
18 202.284 122.82
18 202.292 856.898
18 202.293 195.046
18 202.298 174.52
18 202.304 275.71
18 202.308 174.978
18 202.313 143
18 202.32 87.3515
18 202.332 123.686
18 202.34 206.143
18 202.345 174.611
18 202.351 156.055
18 202.357 443.262
18 202.359 123.87
18 202.367 294.204
18 202.371 138.026
18 202.378 607.165
18 202.38 83.8785
18 202.391 417.711
18 202.394 177.494
18 202.399 320.205
18 202.403 586.854
18 202.404 187.477
18 202.41 493.827
18 202.412 239.636
18 202.416 270.343
18 202.42 149.477
18 202.426 303.582
18 202.43 345.781
18 202.432 186.428
18 202.438 322.061
18 202.441 305.53
18 202.444 114.705
18 202.453 149.611
18 202.46 261.643
18 202.463 63.2271
18 202.479 61.9464
18 202.495 221.484
18 202.5 175.346
18 202.506 184.672
18 202.511 301.386
18 202.514 47.735
18 202.535 430.663
18 202.538 121.655
18 202.546 57.4812
18 202.563 184.06
18 202.569 229.727
18 202.573 103.778
18 202.583 126.024
18 202.591 70.7564
18 202.605 518.403
18 202.607 281.057
18 202.61 238.607
18 202.614 209.249
18 202.619 803.213
18 202.62 161.655
18 202.627 313.283
18 202.63 331.016
18 202.633 419.287
18 202.635 528.262
18 202.637 229.885
18 202.641 186.428
18 202.647 332.668
18 202.65 323.625
18 202.653 190.913
18 202.658 475.511
18 202.66 48.0446
18 202.681 82.9394
18 202.693 99.3542
18 202.703 42.2958
18 202.727 14.0015
18 202.798 86.8961
18 202.81 138.543
18 202.817 87.9044
18 202.828 104.789
18 202.838 327.118
18 202.841 148.214
18 202.848 631.313
18 202.849 108.826
18 202.858 607.165
18 202.86 137.627
18 202.867 164.042
18 202.873 454.752
18 202.876 124.054
18 202.884 160.411
18 202.89 91.8021
18 202.901 754.148
18 202.902 88.7469
18 202.913 9.06388
18 203.024 1.44472

19 203.724 144.363
19 203.731 94.9127
19 203.741 199.124
19 203.746 110.595
19 203.755 111.595
19 203.764 140.528
19 203.771 32.6445
19 203.802 8.67288
19 203.917 17.1371
19 203.976 469.484
19 203.978 29.5849
19 204.012 188.005
19 204.017 29.5482
19 204.051 133.601
19 204.058 57.0972
19 204.076 152.207
19 204.082 661.376
19 204.084 85.5139
19 204.095 136.893
19 204.103 234.412
19 204.107 123.229
19 204.115 114.943
19 204.124 439.754
19 204.126 104.789
19 204.136 286.369
19 204.139 169.377
19 204.145 130.719
19 204.153 200.2
19 204.158 359.583
19 204.16 145.56
19 204.167 707.714
19 204.169 245.459
19 204.173 312.695
19 204.176 136.333
19 204.183 329.707
19 204.186 231
19 204.191 107.181
19 204.2 724.638
19 204.201 94.697
19 204.212 100.341
19 204.222 302.206
19 204.225 501.253
19 204.227 191.351
19 204.232 142.572
19 204.24 350.877
19 204.242 229.095
19 204.247 891.266
19 204.248 178.827
19 204.253 346.5
19 204.256 194.818
19 204.261 229.095
19 204.266 283.688
19 204.269 693.001
19 204.271 630.12
19 204.272 477.555
19 204.274 454.133
19 204.277 569.801
19 204.278 509.684
19 204.28 221.19
19 204.285 493.097
19 204.287 768.049
19 204.288 197.941
19 204.293 186.741
19 204.299 288.85
19 204.302 308.071
19 204.305 142.633
19 204.312 155.473
19 204.319 198.413
19 204.324 432.339
19 204.326 210.305
19 204.331 154.036
19 204.337 148.81
19 204.344 201.167
19 204.349 374.111
19 204.352 388.048
19 204.354 168.691
19 204.36 256.608
19 204.364 403.551
19 204.367 461.681
19 204.369 150.083
19 204.375 823.045
19 204.377 378.358
19 204.379 126.31
19 204.387 174.978
19 204.393 179.019
19 204.399 275.482
19 204.402 350.877
19 204.405 199.243
19 204.41 171.733
19 204.416 191.022
19 204.421 310.945
19 204.424 153.186
19 204.431 345.423
19 204.434 130.77
19 204.441 541.126
19 204.443 219.877
19 204.448 262.881
19 204.452 238.436
19 204.456 92.285
19 204.467 151.515
19 204.473 242.248
19 204.477 176.18
19 204.483 831.255
19 204.484 181.851
19 204.49 304.414
19 204.493 358.038
19 204.496 358.038
19 204.499 519.211
19 204.501 309.789
19 204.504 161.734
19 204.51 209.38
19 204.515 166.085
19 204.521 316.256
19 204.524 572.738
19 204.526 319.591
19 204.529 274.801
19 204.532 241.546
19 204.537 201.898
19 204.541 143.616
19 204.548 62.4337
19 204.564 508.13
19 204.566 58.2445
19 204.584 105.988
19 204.593 232.126
19 204.597 98.1836
19 204.608 209.38
19 204.612 35.7999
19 204.64 223.115
19 204.645 465.549
19 204.647 32.7536
19 204.677 47.6667
19 204.698 841.751
19 204.7 171.116
19 204.705 466.853
19 204.708 107.181
19 204.717 231.321
19 204.721 761.035
19 204.723 215.471
19 204.727 550.055
19 204.729 340.832
19 204.732 327.761
19 204.735 379.219
19 204.738 253.293
19 204.742 106.564
19 204.751 148.017
19 204.758 149.813
19 204.764 946.97
19 204.765 496.032
19 204.767 127.178
19 204.775 35.1989
19 204.804 43.5616
19 204.827 496.032
19 204.829 33.4135
19 204.859 76.1383
19 204.872 25.8118
19 204.91 10.4004
19 205.007 1.57471

20 205.645 79.4597
20 205.658 107.423
20 205.667 62.9406
20 205.683 5.02401
20 205.882 29.7619
20 205.915 29.5613
20 205.949 23.3198
20 205.992 37.1361
20 206.019 252.908
20 206.023 50.1178
20 206.043 49.9451
20 206.063 69.3866
20 206.077 62.2007
20 206.093 46.2642
20 206.115 190.367
20 206.12 63.589
20 206.136 127.47
20 206.144 228.154
20 206.148 110.156
20 206.157 237.417
20 206.162 101.812
20 206.171 210.571
20 206.176 141.663
20 206.183 236.574
20 206.187 291.63
20 206.191 75.7576
20 206.204 89.2937
20 206.215 234.247
20 206.22 236.072
20 206.224 290.867
20 206.227 228.154
20 206.232 252.717
20 206.236 98.4155
20 206.246 194.704
20 206.251 161.891
20 206.257 575.705
20 206.259 684.463
20 206.26 268.601
20 206.264 576.701
20 206.266 128.304
20 206.273 634.921
20 206.275 313.873
20 206.278 501.253
20 206.28 252.908
20 206.284 240.154
20 206.288 359.583
20 206.291 360.36
20 206.294 172.98
20 206.3 479.616
20 206.302 226.757
20 206.306 276.167
20 206.31 120.077
20 206.318 224.921
20 206.323 150.489
20 206.329 404.04
20 206.332 164.366
20 206.338 302.48
20 206.341 750.751
20 206.342 535.045
20 206.344 367.107
20 206.347 446.828
20 206.349 608.273
20 206.351 502.008
20 206.353 762.777
20 206.354 214.225
20 206.359 608.273
20 206.361 633.714
20 206.362 293.686
20 206.366 142.939
20 206.372 182.349
20 206.378 123.686
20 206.386 370.782
20 206.389 397.298
20 206.391 226.912
20 206.396 366.703
20 206.398 176.46
20 206.404 278.707
20 206.408 174.611
20 206.413 652.316
20 206.415 183.453
20 206.42 115.34
20 206.429 76.7695
20 206.442 676.133
20 206.444 56.912
20 206.461 239.981
20 206.465 251.572
20 206.469 161.186
20 206.475 180.278
20 206.481 77.9545
20 206.494 474.834
20 206.496 548.246
20 206.498 101.626
20 206.508 185.908
20 206.513 565.931
20 206.515 52.5679
20 206.534 51.792
20 206.553 76.7872
20 206.566 113.225
20 206.575 567.859
20 206.577 46.581
20 206.598 114.548
20 206.607 353.107
20 206.61 167.504
20 206.616 303.582
20 206.619 334.336
20 206.622 294.985
20 206.625 179.598
20 206.631 165.508
20 206.637 207.168
20 206.642 564.016
20 206.644 417.188
20 206.646 141.844
20 206.653 59.5557
20 206.67 62.6331
20 206.686 264.971
20 206.69 80.5932
20 206.702 66.6001
20 206.717 348.311
20 206.72 99.0589
20 206.73 60.1793
20 206.747 32.4886
20 206.777 73.4376
20 206.791 56.4493
20 206.809 411.015
20 206.811 60.2991
20 206.828 81.5993
20 206.84 45.4628
20 206.862 70.9975
20 206.876 95.7304
20 206.886 128.899
20 206.894 261.233
20 206.898 26.8168
20 206.935 32.039
20 206.967 40.1752
20 206.991 23.2175
20 207.035 0.015498

21 271.585 128.205
21 271.593 33.6123
21 271.622 185.082
21 271.628 372.024
21 271.63 177.117
21 271.636 157.828
21 271.642 213.265
21 271.647 154.536
21 271.654 257.998
21 271.658 142.086
21 271.665 82.9807
21 271.677 201.898
21 271.682 173.883
21 271.687 257.003
21 271.691 1016.26
21 271.692 242.248
21 271.696 303.306
21 271.7 464.253
21 271.702 216.873
21 271.706 358.038
21 271.709 380.084
21 271.712 888.889
21 271.713 248.756
21 271.717 915.751
21 271.718 253.485
21 271.722 175.346
21 271.728 148.81
21 271.734 248.942
21 271.738 786.164
21 271.74 475.511
21 271.742 299.222
21 271.745 562.114
21 271.747 190.476
21 271.752 316.857
21 271.755 348.675
21 271.758 554.631
21 271.76 586.854
21 271.762 367.918
21 271.764 510.465
21 271.766 550.964
21 271.768 645.995
21 271.77 310.366
21 271.773 265.604
21 271.777 280.584
21 271.78 303.306
21 271.784 440.335
21 271.786 406.504
21 271.788 262.055
21 271.792 151.93
21 271.799 379.651
21 271.801 230.044
21 271.806 216.873
21 271.81 560.224
21 271.812 348.675
21 271.815 182.349
21 271.82 560.224
21 271.822 367.918
21 271.825 587.889
21 271.827 202.634
21 271.832 351.247
21 271.834 338.066
21 271.837 698.812
21 271.839 220.604
21 271.843 472.144
21 271.845 468.823
21 271.848 272.331
21 271.851 166.334
21 271.857 261.643
21 271.861 515.996
21 271.863 143.678
21 271.87 339.443
21 271.873 306.373
21 271.876 248.385
21 271.88 172.622
21 271.886 339.789
21 271.889 328.084
21 271.892 176.18
21 271.898 531.632
21 271.9 170.94
21 271.905 248.942
21 271.909 695.894
21 271.911 490.918
21 271.913 380.084
21 271.916 595.238
21 271.917 266.88
21 271.921 831.255
21 271.922 208.203
21 271.927 223.864
21 271.931 567.859
21 271.933 402.576
21 271.936 185.598
21 271.941 169.291
21 271.947 420.875
21 271.949 383.142
21 271.952 341.18
21 271.955 272.331
21 271.959 294.464
21 271.962 342.583
21 271.965 149.813
21 271.972 205.255
21 271.976 288.6
21 271.98 171.556
21 271.986 300.842
21 271.989 641.026
21 271.991 204.625
21 271.996 116.836
21 272.004 732.601
21 272.005 195.274
21 272.011 439.754
21 272.013 392.157
21 272.015 224.316
21 272.02 524.934
21 272.022 159.261
21 272.028 497.512
21 272.03 188.644
21 272.035 254.842
21 272.039 782.473
21 272.041 202.143
21 272.045 89.9685
21 272.057 208.073
21 272.061 189.502
21 272.067 394.477
21 272.069 78.6164
21 272.082 158.806
21 272.088 623.053
21 272.09 777.001
21 272.091 103.423
21 272.101 535.906
21 272.103 224.014
21 272.107 270.783
21 272.111 102.155
21 272.121 196.194
21 272.126 439.754
21 272.128 174.155
21 272.134 143.062
21 272.141 188.218
21 272.146 144.739
21 272.153 141.904
21 272.16 297.619
21 272.163 133.654
21 272.171 101.75
21 272.181 118.963
21 272.189 382.263
21 272.192 178.253
21 272.197 158.504
21 272.204 271.003
21 272.207 486.618
21 272.209 184.672
21 272.215 334.672
21 272.218 217.865
21 272.222 803.213
21 272.224 202.265
21 272.229 242.601
21 272.233 136.277
21 272.24 135.777
21 272.247 529.942
21 272.249 326.797
21 272.252 189.179
21 272.258 421.408
21 272.26 143.554
21 272.267 159.337
21 272.273 405.022
21 272.276 483.092
21 272.278 210.305
21 272.282 395.413
21 272.285 280.348
21 272.289 782.473
21 272.29 168.095
21 272.296 149.142
21 272.303 212.044
21 272.307 222.816
21 272.312 1041.67
21 272.313 239.636
21 272.317 432.339
21 272.319 183.756
21 272.325 218.436
21 272.329 317.158
21 272.332 224.014
21 272.337 184.672
21 272.342 459.137
21 272.344 341.18
21 272.347 698.812
21 272.349 182.648
21 272.354 104.167
21 272.364 98.5902
21 272.374 886.525
21 272.375 125.929
21 272.383 150.898
21 272.39 143
21 272.397 157.754
21 272.403 95.9785
21 272.413 65.1169
21 272.429 47.2545
21 272.45 19.1219
21 272.502 49.478
21 272.522 19.8803
21 272.573 170.242
21 272.579 436.3
21 272.581 63.9304
21 272.597 51.2978
21 272.616 1.79785

22 273.206 25.5056
22 273.245 95.1565
22 273.256 39.4011
22 273.281 219.732
22 273.286 223.115
22 273.29 93.2401
22 273.301 95.2653
22 273.311 151.103
22 273.318 125.549
22 273.326 79.384
22 273.339 63.1194
22 273.354 207.943
22 273.359 162.206
22 273.365 80.4959
22 273.378 198.768
22 273.383 64.288
22 273.398 95.048
22 273.409 203.252
22 273.414 84.3241
22 273.426 307.22
22 273.429 161.499
22 273.435 129.651
22 273.443 656.168
22 273.444 138.658
22 273.452 977.517
22 273.453 162.999
22 273.459 361.533
22 273.462 511.247
22 273.464 111.819
22 273.472 101.256
22 273.482 368.732
22 273.485 228.154
22 273.489 72.448
22 273.503 126.024
22 273.511 77.3934
22 273.524 96.8429
22 273.534 55.3986
22 273.552 41.0509
22 273.577 111.297
22 273.586 91.3492
22 273.597 289.855
22 273.6 82.3859
22 273.612 119.646
22 273.621 53.6078
22 273.639 261.849
22 273.643 93.7647
22 273.654 124.517
22 273.662 122.145
22 273.67 273
22 273.674 140.706
22 273.681 150.761
22 273.687 179.308
22 273.693 251.953
22 273.697 117.247
22 273.706 300.3
22 273.709 589.971
22 273.711 491.642
22 273.713 178.54
22 273.718 258.198
22 273.722 397.772
22 273.725 170.329
22 273.73 319.898
22 273.734 323.625
22 273.737 254.065
22 273.741 319.591
22 273.744 152.346
22 273.75 399.68
22 273.753 272.777
22 273.756 222.816
22 273.761 499.002
22 273.763 330.033
22 273.766 206.271
22 273.771 626.566
22 273.772 137.061
22 273.78 352.361
22 273.783 173.702
22 273.788 148.346
22 273.795 727.802
22 273.796 81.5594
22 273.809 70.0722
22 273.823 218.436
22 273.828 285.388
22 273.831 442.674
22 273.833 536.769
22 273.835 84.5809
22 273.847 67.6682
22 273.862 161.577
22 273.868 314.465
22 273.871 297.354
22 273.875 246.914
22 273.879 421.941
22 273.881 262.467
22 273.885 69.4011
22 273.899 898.473
22 273.9 488.043
22 273.902 284.172
22 273.906 119.09
22 273.914 161.577
22 273.92 233.59
22 273.925 171.468
22 273.931 219.877
22 273.935 171.644
22 273.941 169.549
22 273.947 159.413
22 273.953 179.308
22 273.959 160.875
22 273.965 152.138
22 273.971 980.392
22 273.972 298.151
22 273.976 426.257
22 273.978 137.855
22 273.985 821.018
22 273.987 248.201
22 273.991 429.553
22 273.993 143.864
22 274 180.766
22 274.006 375.375
22 274.008 356.888
22 274.011 565.931
22 274.013 285.878
22 274.016 412.031
22 274.019 471.476
22 274.021 157.679
22 274.027 260.824
22 274.031 284.9
22 274.034 411.015
22 274.037 252.908
22 274.041 194.137
22 274.046 632.511
22 274.048 138.715
22 274.055 362.319
22 274.058 212.044
22 274.062 400.16
22 274.065 297.885
22 274.068 151.515
22 274.075 986.193
22 274.076 175.531
22 274.081 392.619
22 274.084 286.123
22 274.087 466.853
22 274.09 78.6906
22 274.102 197.239
22 274.107 542.005
22 274.109 211.909
22 274.114 322.685
22 274.117 250.063
22 274.121 355.366
22 274.124 564.972
22 274.126 347.222
22 274.129 136.556
22 274.136 519.211
22 274.138 133.174
22 274.145 293.169
22 274.149 211.238
22 274.153 156.274
22 274.16 518.403
22 274.162 71.4847
22 274.176 91.0249
22 274.187 93.633
22 274.197 425.713
22 274.2 408.998
22 274.202 93.6856
22 274.213 466.853
22 274.215 60.518
22 274.232 70.5169
22 274.246 105.955
22 274.255 443.262
22 274.257 292.141
22 274.261 189.072
22 274.266 141.363
22 274.273 200.321
22 274.278 174.611
22 274.284 162.999
22 274.29 196.773
22 274.295 140.469
22 274.302 158.73
22 274.309 80.3406
22 274.321 416.146
22 274.323 93.2923
22 274.334 132.591
22 274.342 219.732
22 274.346 165.426
22 274.352 172.176
22 274.358 562.114
22 274.36 54.7795
22 274.378 167.757
22 274.384 277.778
22 274.388 94.402
22 274.398 31.6256
22 274.43 28.9654
22 274.464 10.5305
22 274.559 1.60997

23 275.194 39.4711
23 275.219 142.694
23 275.226 4.44539
23 275.451 145.624
23 275.458 194.59
23 275.463 729.395
23 275.465 79.6305
23 275.477 148.28
23 275.484 470.146
23 275.486 476.19
23 275.488 136.724
23 275.495 595.238
23 275.497 190.694
23 275.502 108.436
23 275.512 644.745
23 275.513 141.663
23 275.52 58.8201
23 275.537 176.741
23 275.543 715.308
23 275.544 108.05
23 275.554 84.4523
23 275.565 52.7426
23 275.584 197.472
23 275.589 153.327
23 275.596 509.684
23 275.598 151.103
23 275.605 20.191
23 275.654 4.40102
23 275.881 35.0803
23 275.91 168.776
23 275.916 114.863
23 275.924 253.293
23 275.928 163.559
23 275.934 161.421
23 275.941 213.95
23 275.945 93.3445
23 275.956 164.528
23 275.962 721.501
23 275.964 324.254
23 275.967 630.12
23 275.968 270.563
23 275.972 391.236
23 275.974 187.056
23 275.98 175.439
23 275.985 91.0249
23 275.996 156.274
23 276.003 896.057
23 276.004 143.062
23 276.011 908.265
23 276.012 155.836
23 276.019 218.007
23 276.023 375.799
23 276.026 323.939
23 276.029 472.813
23 276.031 205.761
23 276.036 221.19
23 276.04 309.215
23 276.044 325.203
23 276.047 345.066
23 276.05 162.364
23 276.056 308.928
23 276.059 186.428
23 276.064 638.57
23 276.066 254.453
23 276.07 84.7314
23 276.082 805.153
23 276.083 178.827
23 276.088 411.523
23 276.091 347.584
23 276.094 251.572
23 276.098 881.834
23 276.099 76.7165
23 276.112 134.571
23 276.119 564.016
23 276.121 261.233
23 276.125 301.386
23 276.128 132.328
23 276.136 178.54
23 276.141 179.598
23 276.147 135.336
23 276.154 192.012
23 276.16 571.755
23 276.161 125.502
23 276.169 274.123
23 276.173 437.445
23 276.175 186.951
23 276.181 287.604
23 276.184 266.88
23 276.188 481
23 276.19 124.517
23 276.198 248.016
23 276.202 596.303
23 276.204 524.934
23 276.206 134.463
23 276.213 325.203
23 276.216 269.687
23 276.22 238.436
23 276.224 227.376
23 276.228 110.852
23 276.237 86.9868
23 276.249 238.607
23 276.253 327.761
23 276.256 178.923
23 276.262 418.235
23 276.264 172.354
23 276.27 286.369
23 276.273 130.873
23 276.281 314.465
23 276.284 62.1311
23 276.3 88.7469
23 276.312 503.525
23 276.314 113.999
23 276.322 282.247
23 276.326 127.861
23 276.334 94.5626
23 276.344 86.1549
23 276.356 84.2176
23 276.368 135.227
23 276.375 165.755
23 276.381 222.074
23 276.386 65.1169
23 276.401 173.792
23 276.407 56.1829
23 276.425 217.155
23 276.429 66.68
23 276.444 31.2872
23 276.476 40.9651
23 276.501 43.1667
23 276.524 161.655
23 276.53 30.2124
23 276.563 1.68966

24 277.164 43.7331
24 277.187 24.09
24 277.228 8.28178
24 277.349 62.7746
24 277.365 37.3315
24 277.392 290.36
24 277.395 149.142
24 277.402 101.626
24 277.412 307.22
24 277.415 124.146
24 277.423 505.051
24 277.425 278.474
24 277.429 114.824
24 277.437 108.861
24 277.447 116.918
24 277.455 115.3
24 277.464 915.751
24 277.465 260.417
24 277.469 308.642
24 277.472 874.891
24 277.473 321.75
24 277.476 238.265
24 277.48 588.928
24 277.482 142.572
24 277.489 353.107
24 277.492 243.309
24 277.496 209.908
24 277.501 704.722
24 277.502 101.317
24 277.512 163.319
24 277.518 54.7975
24 277.536 73.3407
24 277.55 93.4492
24 277.561 152.207
24 277.567 59.0075
24 277.584 6.94068
24 277.728 102.627
24 277.738 64.3128
24 277.754 120.642
24 277.762 122.279
24 277.77 181.752
24 277.776 128.949
24 277.783 200.441
24 277.788 771.605
24 277.79 151.515
24 277.796 652.316
24 277.798 130.157
24 277.805 145.56
24 277.812 362.319
24 277.815 208.725
24 277.82 210.571
24 277.825 181.554
24 277.83 156.495
24 277.837 454.752
24 277.839 148.61
24 277.845 385.802
24 277.848 329.707
24 277.851 197.941
24 277.856 360.75
24 277.859 287.604
24 277.862 363.901
24 277.865 406.009
24 277.868 182.349
24 277.873 302.755
24 277.876 167.757
24 277.882 158.353
24 277.889 381.388
24 277.891 533.333
24 277.893 165.755
24 277.899 233.263
24 277.903 321.75
24 277.907 134.68
24 277.914 242.424
24 277.918 432.9
24 277.92 216.732
24 277.925 214.087
24 277.93 242.601
24 277.934 154.392
24 277.94 304.971
24 277.944 353.857
24 277.946 256.805
24 277.95 330.36
24 277.953 321.75
24 277.956 154.536
24 277.963 371.195
24 277.966 554.631
24 277.967 141.423
24 277.975 282.247
24 277.978 182.05
24 277.984 142.146
24 277.991 297.089
24 277.994 397.772
24 277.996 394.477
24 277.999 121.655
24 278.007 197.589
24 278.012 532.481
24 278.014 137.627
24 278.021 491.642
24 278.023 239.292
24 278.028 465.549
24 278.03 141.243
24 278.037 545.554
24 278.039 190.476
24 278.044 190.476
24 278.049 164.447
24 278.055 226.449
24 278.06 377.501
24 278.062 198.649
24 278.067 136.836
24 278.075 550.055
24 278.077 157.085
24 278.083 184.57
24 278.088 147.102
24 278.095 476.19
24 278.097 169.291
24 278.103 165.755
24 278.109 110.302
24 278.118 225.378
24 278.123 297.619
24 278.126 308.928
24 278.129 166.5
24 278.135 261.643
24 278.139 362.713
24 278.142 370.37
24 278.145 256.016
24 278.148 791.766
24 278.15 213.812
24 278.154 134.03
24 278.162 116.795
24 278.17 137.684
24 278.178 365.097
24 278.18 263.089
24 278.184 254.453
24 278.188 165.098
24 278.194 110.632
24 278.203 70.8767
24 278.217 51.5916
24 278.237 275.938
24 278.24 115.34
24 278.249 150.218
24 278.256 68.5871
24 278.27 296.824
24 278.274 33.0229
24 278.304 24.4129
24 278.345 61.82
24 278.361 59.5983
24 278.378 452.284
24 278.38 154.178
24 278.387 241.371
24 278.391 358.423
24 278.393 161.031
24 278.4 147.754
24 278.406 311.526
24 278.41 377.074
24 278.412 831.255
24 278.413 670.691
24 278.415 151.86
24 278.422 155.111
24 278.428 91.6758
24 278.439 136.836
24 278.446 805.153
24 278.447 174.338
24 278.453 189.825
24 278.458 159.949
24 278.465 8.84572
24 278.578 67.4491
24 278.593 45.296
24 278.615 202.02
24 278.62 54.5643
24 278.638 67.1231
24 278.653 139.47
24 278.66 34.1495
24 278.689 1.88349

25 279.237 24.49
25 279.278 58.6854
25 279.295 23.8829
25 279.337 45.5934
25 279.358 73.8934
25 279.372 86.7152
25 279.384 24.5803
25 279.424 26.1725
25 279.462 391.696
25 279.465 45.2223
25 279.487 161.812
25 279.493 75.3977
25 279.507 56.9411
25 279.524 73.1154
25 279.538 181.357
25 279.543 53.7374
25 279.562 53.2822
25 279.581 79.8021
25 279.593 65.3339
25 279.609 159.49
25 279.615 88.7469
25 279.626 131.804
25 279.634 515.996
25 279.636 130.056
25 279.643 158.881
25 279.65 668.003
25 279.651 188.75
25 279.656 188.644
25 279.662 488.043
25 279.664 127.763
25 279.672 190.367
25 279.677 1031.99
25 279.678 404.531
25 279.68 245.278
25 279.684 85.8222
25 279.696 219.877
25 279.7 445.038
25 279.703 271.887
25 279.706 327.118
25 279.709 392.157
25 279.712 230.362
25 279.716 608.273
25 279.718 214.087
25 279.723 200.2
25 279.728 145.243
25 279.735 168.435
25 279.74 153.257
25 279.747 259.403
25 279.751 593.12
25 279.753 451.06
25 279.755 196.309
25 279.76 183.554
25 279.765 350.877
25 279.768 139.412
25 279.775 472.813
25 279.777 334.336
25 279.78 166.085
25 279.786 131.337
25 279.794 251.193
25 279.798 308.356
25 279.801 426.257
25 279.804 391.236
25 279.806 380.084
25 279.809 402.576
25 279.811 186.637
25 279.817 88.4877
25 279.828 470.81
25 279.83 139.353
25 279.837 207.039
25 279.842 216.873
25 279.847 230.681
25 279.851 397.298
25 279.854 466.853
25 279.856 133.761
25 279.863 271.003
25 279.867 247.097
25 279.871 132.961
25 279.878 660.066
25 279.88 170.416
25 279.886 394.945
25 279.888 351.247
25 279.891 583.771
25 279.893 272.777
25 279.897 296.824
25 279.9 260.824
25 279.904 185.494
25 279.909 533.333
25 279.911 156.128
25 279.917 634.921
25 279.919 139.821
25 279.926 157.085
25 279.933 226.296
25 279.937 579.71
25 279.939 666.667
25 279.94 135.391
25 279.948 144.363
25 279.955 512.033
25 279.956 233.263
25 279.961 346.141
25 279.964 361.925
25 279.966 138.313
25 279.974 161.499
25 279.98 618.429
25 279.981 565.931
25 279.983 87.8349
25 279.995 306.091
25 279.998 84.0054
25 280.01 208.986
25 280.015 104.102
25 280.024 204.374
25 280.029 347.222
25 280.032 110.193
25 280.041 119.775
25 280.049 274.348
25 280.053 134.789
25 280.06 244.738
25 280.065 96.2279
25 280.075 245.64
25 280.079 75.5687
25 280.092 76.2777
25 280.105 644.745
25 280.107 34.8967
25 280.136 74.9064
25 280.149 474.158
25 280.151 431.22
25 280.153 197.122
25 280.158 311.818
25 280.162 117.702
25 280.17 296.824
25 280.173 300.03
25 280.177 156.055
25 280.183 432.339
25 280.186 156.937
25 280.192 180.668
25 280.197 287.853
25 280.201 151.24
25 280.207 86.6927
25 280.219 90.0901
25 280.23 59.6623
25 280.247 78.2289
25 280.26 66.9478
25 280.275 285.144
25 280.278 61.4893
25 280.294 42.4899
25 280.318 49.1715
25 280.338 76.646
25 280.351 178.827
25 280.357 259.202
25 280.361 233.427
25 280.365 134.192
25 280.372 957.854
25 280.374 239.464
25 280.378 268.384
25 280.381 910.747
25 280.383 123.411
25 280.391 119.218
25 280.399 235.571
25 280.403 454.133
25 280.405 210.571
25 280.41 367.107
25 280.413 241.546
25 280.417 168.435
25 280.423 174.155
25 280.429 87.9275
25 280.44 281.294
25 280.444 142.146
25 280.451 36.6824
25 280.478 192.012
25 280.483 13.2034
25 280.559 126.598
25 280.567 87.26
25 280.578 56.2398
25 280.596 43.8827
25 280.619 300.03
25 280.622 231.481
25 280.627 102.218
25 280.636 99.9201
25 280.646 224.77
25 280.651 175.346
25 280.656 209.776
25 280.661 145.307
25 280.668 123.092
25 280.676 169.808
25 280.682 175.716
25 280.688 38.6429
25 280.714 1.92172

26 281.249 66.64
26 281.264 76.8403
26 281.277 109.505
26 281.286 175.809
26 281.292 414.594
26 281.294 138.831
26 281.301 167.168
26 281.307 138.255
26 281.314 345.781
26 281.317 147.951
26 281.324 318.674
26 281.327 7.80348
26 281.455 245.821
26 281.459 88.2535
26 281.471 384.911
26 281.473 194.704
26 281.479 285.388
26 281.482 438.596
26 281.484 223.564
26 281.489 323.311
26 281.492 182.05
26 281.497 164.123
26 281.503 147.558
26 281.51 253.1
26 281.514 320.205
26 281.517 225.989
26 281.522 411.523
26 281.524 384.025
26 281.527 168.011
26 281.533 194.818
26 281.538 269.251
26 281.542 209.908
26 281.546 109.254
26 281.555 78.8581
26 281.568 166.003
26 281.574 235.239
26 281.578 236.407
26 281.583 83.5213
26 281.595 494.56
26 281.597 170.765
26 281.603 54.2535
26 281.621 68.0272
26 281.636 149.343
26 281.642 79.3084
26 281.655 130.005
26 281.663 258.598
26 281.667 312.402
26 281.67 109.182
26 281.679 57.2148
26 281.696 134.138
26 281.704 372.856
26 281.706 201.776
26 281.711 451.06
26 281.714 116.591
26 281.722 625.391
26 281.724 227.221
26 281.728 480.307
26 281.73 401.123
26 281.733 181.554
26 281.738 202.758
26 281.743 291.63
26 281.747 205.128
26 281.752 513.611
26 281.754 567.859
26 281.755 481.696
26 281.757 194.25
26 281.762 1013.17
26 281.763 230.681
26 281.768 173.07
26 281.774 963.391
26 281.775 171.38
26 281.78 291.63
26 281.784 142.207
26 281.791 602.773
26 281.793 357.27
26 281.795 423.549
26 281.798 225.683
26 281.802 821.018
26 281.803 226.142
26 281.808 490.196
26 281.81 202.511
26 281.815 263.296
26 281.819 336.361
26 281.822 318.066
26 281.825 269.034
26 281.828 101.01
26 281.838 249.688
26 281.842 630.12
26 281.844 581.734
26 281.846 192.79
26 281.851 482.393
26 281.853 253.872
26 281.857 183.655
26 281.862 458.505
26 281.864 177.211
26 281.87 324.254
26 281.873 600.601
26 281.875 115.821
26 281.883 147.362
26 281.89 131.961
26 281.898 620.732
26 281.899 496.771
26 281.901 187.056
26 281.907 443.262
26 281.909 298.686
26 281.912 483.793
26 281.914 120.685
26 281.923 523.286
26 281.925 159.185
26 281.931 226.757
26 281.935 567.859
26 281.937 700.28
26 281.939 169.205
26 281.944 543.774
26 281.946 568.828
26 281.948 320.821
26 281.951 123.824
26 281.959 113.263
26 281.968 224.014
26 281.973 474.158
26 281.975 112.613
26 281.984 162.285
26 281.99 123.64
26 281.998 404.531
26 282 263.505
26 282.004 123.594
26 282.012 735.835
26 282.014 416.667
26 282.016 126.31
26 282.024 204.75
26 282.029 168.691
26 282.035 215.61
26 282.039 98.9413
26 282.049 59.8767
26 282.066 99.2063
26 282.076 109.325
26 282.085 113.456
26 282.094 129.752
26 282.102 43.6015
26 282.125 73.9262
26 282.138 37.5333
26 282.165 561.167
26 282.167 194.818
26 282.172 313.578
26 282.175 493.827
26 282.177 173.974
26 282.183 127.665
26 282.191 761.035
26 282.192 84.1538
26 282.204 87.6501
26 282.215 66.6267
26 282.23 134.844
26 282.238 62.2007
26 282.254 15.9926
26 282.316 81.8599
26 282.329 68.1524
26 282.343 302.48
26 282.346 199.005
26 282.352 169.981
26 282.357 525.762
26 282.359 351.617
26 282.362 399.202
26 282.365 317.46
26 282.368 321.13
26 282.371 127.91
26 282.379 103.939
26 282.388 317.158
26 282.392 186.637
26 282.397 153.61
26 282.403 313.578
26 282.407 285.878
26 282.41 144.613
26 282.417 10.7941
26 282.51 229.885
26 282.514 63.2031
26 282.53 70.8617
26 282.544 168.35
26 282.55 160.875
26 282.556 50.2386
26 282.576 152.835
26 282.583 277.085
26 282.586 102.881
26 282.596 350.508
26 282.599 113.379
26 282.608 96.7024
26 282.618 205.002
26 282.623 83.4794
26 282.635 5.48869
26 282.817 3.41317

27 283.137 423.012
27 283.14 90.876
27 283.151 100.281
27 283.161 79.4597
27 283.173 138.313
27 283.18 381.388
27 283.183 9.3654
27 283.29 119.09
27 283.298 394.477
27 283.301 144.3
27 283.308 86.1326
27 283.319 157.679
27 283.326 216.591
27 283.33 312.11
27 283.333 94.4555
27 283.344 88.1601
27 283.355 128.452
27 283.363 138.773
27 283.37 157.679
27 283.377 208.464
27 283.382 386.698
27 283.384 83.605
27 283.396 175.623
27 283.402 145.943
27 283.409 611.621
27 283.41 57.6602
27 283.428 101.163
27 283.437 488.043
27 283.44 128.254
27 283.447 46.3414
27 283.469 76.2428
27 283.482 32.0976
27 283.513 145.37
27 283.52 47.2144
27 283.541 89.0313
27 283.552 56.2873
27 283.57 280.82
27 283.574 71.0884
27 283.588 156.128
27 283.594 342.583
27 283.597 90.5551
27 283.608 99.9201
27 283.618 442.674
27 283.62 138.947
27 283.628 81.5195
27 283.64 366.703
27 283.643 85.6018
27 283.654 411.523
27 283.657 210.571
27 283.662 119.432
27 283.67 742.39
27 283.671 158.504
27 283.678 391.236
27 283.68 140.766
27 283.687 658.762
27 283.689 147.232
27 283.696 621.891
27 283.697 164.204
27 283.703 179.211
27 283.709 278.94
27 283.712 213.538
27 283.717 176.367
27 283.723 109.29
27 283.732 750.751
27 283.733 349.406
27 283.736 352.734
27 283.739 175.162
27 283.745 670.691
27 283.746 247.28
27 283.75 440.917
27 283.752 626.566
27 283.754 208.203
27 283.759 766.284
27 283.76 417.188
27 283.763 486.618
27 283.765 284.657
27 283.768 305.81
27 283.771 261.438
27 283.775 138.37
27 283.782 429.553
27 283.785 112.765
27 283.794 224.165
27 283.798 202.02
27 283.803 437.445
27 283.805 249.128
27 283.809 351.247
27 283.812 332.668
27 283.815 189.286
27 283.82 436.872
27 283.823 179.019
27 283.828 426.803
27 283.831 252.143
27 283.835 538.503
27 283.837 137.684
27 283.844 641.026
27 283.845 202.02
27 283.85 453.515
27 283.852 212.585
27 283.857 180.571
27 283.863 245.459
27 283.867 353.107
27 283.87 164.772
27 283.876 132.275
27 283.883 190.367
27 283.889 134.844
27 283.896 425.713
27 283.898 197.707
27 283.903 426.257
27 283.906 220.313
27 283.91 353.482
27 283.913 238.949
27 283.917 115.701
27 283.926 483.793
27 283.928 133.12
27 283.935 228.938
27 283.94 59.0598
27 283.957 185.598
27 283.962 250.25
27 283.966 393.546
27 283.969 72.9235
27 283.982 116.144
27 283.991 174.611
27 283.997 220.897
27 284.001 192.012
27 284.006 84.2815
27 284.018 513.611
27 284.02 326.477
27 284.023 112.803
27 284.032 125.834
27 284.04 236.911
27 284.044 132.275
27 284.052 79.8403
27 284.064 406.504
27 284.067 206.911
27 284.072 77.8816
27 284.085 205.508
27 284.089 53.1039
27 284.108 162.76
27 284.114 437.445
27 284.117 377.929
27 284.119 190.585
27 284.125 308.356
27 284.128 179.308
27 284.133 337.724
27 284.136 158.203
27 284.143 217.297
27 284.147 127.714
27 284.155 31.0482
27 284.187 40.9702
27 284.212 143.184
27 284.219 95.6755
27 284.229 19.1924
27 284.281 92.4129
27 284.292 181.258
27 284.298 400.16
27 284.3 363.108
27 284.303 122.414
27 284.311 254.647
27 284.315 149.41
27 284.322 131.596
27 284.329 68.2501
27 284.344 51.5278
27 284.363 30.281
27 284.396 371.609
27 284.399 34.0414
27 284.428 32.6733
27 284.459 40.6603
27 284.484 63.4437
27 284.499 42.5767
27 284.523 59.3542
27 284.54 23.8931
27 284.582 1.16837

28 285.498 27.5391
28 285.534 117.702
28 285.543 23.0457
28 285.586 302.755
28 285.59 49.6179
28 285.61 196.309
28 285.615 97.8378
28 285.625 52.0915
28 285.644 450.45
28 285.646 124.193
28 285.654 133.227
28 285.662 346.861
28 285.665 119.603
28 285.673 312.402
28 285.676 221.19
28 285.681 313.873
28 285.684 213.265
28 285.689 230.681
28 285.693 356.125
28 285.696 476.19
28 285.698 222.668
28 285.703 162.999
28 285.709 459.77
28 285.711 193.461
28 285.716 318.674
28 285.719 698.812
28 285.721 152.625
28 285.727 152.207
28 285.734 123.87
28 285.742 370.782
28 285.744 262.674
28 285.748 128.949
28 285.756 85.955
28 285.768 269.469
28 285.771 583.771
28 285.773 285.388
28 285.777 156.495
28 285.783 116.225
28 285.792 402.576
28 285.794 458.505
28 285.796 296.033
28 285.8 191.131
28 285.805 370.37
28 285.808 156.937
28 285.814 184.162
28 285.819 160.798
28 285.826 424.088
28 285.828 161.891
28 285.834 149.88
28 285.841 423.549
28 285.843 389.864
28 285.846 340.483
28 285.849 311.818
28 285.852 526.593
28 285.854 151.999
28 285.86 944.287
28 285.861 191.681
28 285.867 149.343
28 285.873 192.012
28 285.879 169.722
28 285.884 234.412
28 285.889 625.391
28 285.89 104.624
28 285.9 257.599
28 285.904 55.5741
28 285.922 980.392
28 285.923 91.7011
28 285.934 102.062
28 285.943 242.424
28 285.948 268.817
28 285.951 72.4795
28 285.965 255.82
28 285.969 64.8635
28 285.984 283.688
28 285.988 51.7518
28 286.007 98.5319
28 286.017 30.8328
28 286.05 453.515
28 286.052 356.125
28 286.055 384.468
28 286.057 423.549
28 286.06 236.239
28 286.064 402.576
28 286.067 419.815
28 286.069 168.947
28 286.075 327.118
28 286.078 426.257
28 286.08 316.857
28 286.083 65.6168
28 286.099 16.4935
28 286.159 21.6887
28 286.205 34.125
28 286.235 172.622
28 286.24 106.735
28 286.25 229.568
28 286.254 374.532
28 286.257 59.9844
28 286.274 166.417
28 286.28 160.798
28 286.286 96.3391
28 286.296 154.392
28 286.303 113.263
28 286.311 166.168
28 286.317 427.899
28 286.32 582.751
28 286.322 138.485
28 286.329 108.12
28 286.338 166.583
28 286.344 111.074
28 286.353 545.554
28 286.355 75.2276
28 286.368 285.144
28 286.372 108.542
28 286.381 79.9744
28 286.393 37.5968
28 286.42 454.752
28 286.422 80.3988
28 286.435 64.1766
28 286.45 37.3734
28 286.477 28.4438
28 286.512 19.1439
28 286.564 1.8516

29 287.172 5.27268
29 287.361 19.2489
29 287.413 76.4351
29 287.427 22.1205
29 287.472 307.503
29 287.475 87.3057
29 287.486 29.6007
29 287.52 140.41
29 287.527 28.9402
29 287.562 78.9141
29 287.575 515.996
29 287.576 175.994
29 287.582 86.6026
29 287.594 38.0735
29 287.62 155.763
29 287.626 105.086
29 287.636 43.1109
29 287.659 82.6105
29 287.671 119.389
29 287.68 77.0535
29 287.693 91.1494
29 287.704 325.839
29 287.707 230.203
29 287.711 278.474
29 287.715 196.309
29 287.72 197.941
29 287.725 128.65
29 287.732 151.103
29 287.739 620.732
29 287.741 600.601
29 287.742 152.835
29 287.749 432.339
29 287.751 110.668
29 287.76 401.606
29 287.763 404.531
29 287.765 464.253
29 287.767 255.232
29 287.771 497.512
29 287.773 647.249
29 287.775 194.363
29 287.78 522.466
29 287.782 186.741
29 287.787 150.761
29 287.794 349.773
29 287.797 153.681
29 287.803 97.0968
29 287.814 639.795
29 287.815 303.03
29 287.818 388.048
29 287.821 501.253
29 287.823 188.537
29 287.828 219.01
29 287.833 94.5895
29 287.843 443.262
29 287.846 129.904
29 287.853 97.58
29 287.864 583.771
29 287.865 799.361
29 287.867 183.554
29 287.872 289.352
29 287.876 78.4683
29 287.888 144.613
29 287.895 1054.85
29 287.896 111.074
29 287.905 347.584
29 287.908 379.651
29 287.911 180.473
29 287.916 489.476
29 287.918 345.066
29 287.921 905.797
29 287.922 881.834
29 287.923 127.081
29 287.931 186.324
29 287.937 251.572
29 287.941 243.843
29 287.945 341.53
29 287.948 481.696
29 287.95 126.646
29 287.958 336.022
29 287.961 151.93
29 287.967 175.994
29 287.973 127.861
29 287.981 453.515
29 287.983 739.098
29 287.984 142.755
29 287.991 59.1541
29 288.008 214.087
29 288.013 903.342
29 288.014 752.445
29 288.015 254.842
29 288.019 290.107
29 288.023 518.403
29 288.025 105.452
29 288.034 170.416
29 288.04 162.76
29 288.046 910.747
29 288.047 146.327
29 288.054 134.192
29 288.061 128.353
29 288.069 713.776
29 288.071 177.683
29 288.076 394.011
29 288.079 89.6057
29 288.09 282.008
29 288.093 317.763
29 288.097 141.004
29 288.104 106.53
29 288.113 189.717
29 288.118 435.161
29 288.121 293.427
29 288.124 205.255
29 288.129 154.178
29 288.135 98.5319
29 288.146 244.918
29 288.15 780.64
29 288.151 554.631
29 288.153 120.467
29 288.161 102.249
29 288.171 146.714
29 288.178 100.614
29 288.188 211.775
29 288.192 485.909
29 288.194 282.008
29 288.198 173.16
29 288.204 70.4126
29 288.218 111.52
29 288.227 268.168
29 288.231 395.413
29 288.233 61.2632
29 288.249 100.371
29 288.259 50.3677
29 288.279 38.1781
29 288.305 282.725
29 288.309 203.004
29 288.314 63.6618
29 288.33 228.781
29 288.334 288.351
29 288.337 43.877
29 288.36 44.8209
29 288.383 212.857
29 288.387 84.2389
29 288.399 86.8056
29 288.411 51.5916
29 288.43 190.913
29 288.435 230.84
29 288.44 36.7674
29 288.467 163.639
29 288.473 44.5991
29 288.495 29.4777
29 288.529 156.789
29 288.536 16.769
29 288.595 1.40771

30 289.311 146.972
30 289.318 153.681
30 289.324 120.207
30 289.332 153.894
30 289.339 780.64
30 289.34 200.803
30 289.345 160.72
30 289.351 82.3452
30 289.364 153.186
30 289.37 718.391
30 289.371 144.802
30 289.378 227.376
30 289.383 184.877
30 289.388 598.444
30 289.39 155.763
30 289.396 103.972
30 289.406 584.795
30 289.408 381.388
30 289.41 145.307
30 289.417 784.314
30 289.418 133.708
30 289.426 49.1207
30 289.446 134.789
30 289.454 70.6065
30 289.468 116.509
30 289.476 264.76
30 289.48 114.982
30 289.489 120.773
30 289.497 33.3968
30 289.527 4.55735
30 289.746 43.5104
30 289.769 33.687
30 289.799 115.26
30 289.808 399.202
30 289.81 299.491
30 289.814 123.548
30 289.822 151.309
30 289.828 369.549
30 289.831 164.366
30 289.837 247.28
30 289.841 202.388
30 289.846 269.469
30 289.85 176.835
30 289.856 256.213
30 289.859 135.336
30 289.867 86.2441
30 289.878 264.34
30 289.882 715.308
30 289.884 149.745
30 289.89 263.089
30 289.894 177.022
30 289.9 403.063
30 289.902 180.278
30 289.908 773.395
30 289.909 524.109
30 289.911 146.972
30 289.918 345.423
30 289.921 141.004
30 289.928 128.7
30 289.935 415.11
30 289.938 305.25
30 289.941 278.474
30 289.945 739.098
30 289.946 166.917
30 289.952 92.285
30 289.963 194.25
30 289.968 281.057
30 289.972 132.328
30 289.979 662.691
30 289.981 186.951
30 289.986 171.556
30 289.992 239.464
30 289.996 257.003
30 290 450.45
30 290.002 334.672
30 290.005 409.5
30 290.008 174.52
30 290.013 332.005
30 290.016 379.219
30 290.019 339.098
30 290.022 260.213
30 290.026 191.571
30 290.031 735.835
30 290.032 248.942
30 290.036 186.846
30 290.042 130.463
30 290.049 540.249
30 290.051 206.143
30 290.056 527.426
30 290.058 211.104
30 290.063 455.373
30 290.065 735.835
30 290.066 175.162
30 290.072 128.7
30 290.08 430.663
30 290.082 82.9807
30 290.094 97.012
30 290.104 198.768
30 290.109 146.327
30 290.116 158.655
30 290.123 240.5
30 290.127 102.375
30 290.137 496.771
30 290.139 204.499
30 290.143 102.249
30 290.153 122.504
30 290.161 631.313
30 290.163 45.7687
30 290.185 64.8256
30 290.2 59.6944
30 290.217 119.904
30 290.225 37.9133
30 290.252 39.4758
30 290.277 60.3865
30 290.294 82.9394
30 290.306 51.496
30 290.325 35.5252
30 290.353 249.875
30 290.357 48.1209
30 290.378 265.816
30 290.382 90.9753
30 290.393 51.1954
30 290.412 249.875
30 290.416 93.3445
30 290.427 144.238
30 290.434 134.03
30 290.441 31.0049
30 290.474 34.8129
30 290.502 31.7068
30 290.534 330.688
30 290.537 1.46855

31 291.225 122.82
31 291.233 170.068
31 291.239 176.554
31 291.245 236.742
31 291.249 171.733
31 291.255 1019.37
31 291.256 140.588
31 291.263 379.219
31 291.266 328.084
31 291.269 288.6
31 291.272 483.793
31 291.274 201.532
31 291.279 339.098
31 291.282 400.16
31 291.285 125.881
31 291.292 110.412
31 291.302 276.396
31 291.305 233.754
31 291.309 8.07689
31 291.433 57.0581
31 291.451 124.471
31 291.459 251.762
31 291.463 117.661
31 291.471 77.8816
31 291.484 221.337
31 291.489 531.632
31 291.49 140.766
31 291.498 135.501
31 291.505 97.1534
31 291.515 259.605
31 291.519 223.414
31 291.524 147.232
31 291.53 630.12
31 291.532 139.997
31 291.539 786.164
31 291.54 301.386
31 291.544 83.4794
31 291.556 93.6593
31 291.566 946.97
31 291.567 120.773
31 291.576 73.8771
31 291.589 212.721
31 291.594 121.566
31 291.602 841.751
31 291.603 51.8403
31 291.623 21.302

