Burst n° Time Inst.Freq.
1 84.4335 71.5768
1 84.4475 185.288
1 84.4529 158.203
1 84.4592 115.942
1 84.4678 181.951
1 84.4733 263.713
1 84.4771 242.601
1 84.4812 228.154
1 84.4856 244.559
1 84.4897 77.1784
1 84.5026 136.836
1 84.5099 262.055
1 84.5138 119.775
1 84.5221 134.626
1 84.5295 256.608
1 84.5334 214.225
1 84.5381 182.149
1 84.5436 237.248
1 84.5478 264.76
1 84.5516 262.881
1 84.5554 306.373
1 84.5587 274.801
1 84.5623 97.2101
1 84.5726 89.3416
1 84.5838 138.37
1 84.591 247.647
1 84.595 231.16
1 84.5994 62.3403
1 84.6154 690.131
1 84.6169 146.843
1 84.6237 159.795
1 84.6299 160.488
1 84.6362 43.448
1 84.6592 90.8018
1 84.6702 140.885
1 84.6773 59.4813
1 84.6941 142.633
1 84.7011 200.562
1 84.7061 102.249
1 84.7159 101.225
1 84.7257 249.501
1 84.7298 202.388
1 84.7347 251.383
1 84.7387 128.353
1 84.7465 115.062
1 84.7552 65.8501
1 84.7703 120.642
1 84.7786 29.436
1 84.8126 69.8227
1 84.8269 124.797
1 84.8349 44.1969
1 84.8576 233.263
1 84.8619 124.844
1 84.8699 133.387
1 84.8774 222.668
1 84.8819 85.9328
1 84.8935 85.5139
1 84.9052 71.8236
1 84.9191 130.107
1 84.9268 87.512
1 84.9382 53.2907
1 84.957 205.888
1 84.9618 224.014
1 84.9663 194.25
1 84.9715 19.793
1 85.022 50.1555
1 85.0419 205.888
1 85.0468 12.8989
1 85.1243 22.1396
1 85.1695 62.9406
1 85.1854 1.10463

2 86.101 5.89334
2 86.2707 617.284
2 86.2723 67.3265
2 86.2872 195.503
2 86.2923 279.642
2 86.2959 234.082
2 86.3001 82.4674
2 86.3123 92.7214
2 86.3231 108.085
2 86.3323 144.238
2 86.3392 76.8758
2 86.3522 19.7754
2 86.4028 105.086
2 86.4123 73.7626
2 86.4259 200.2
2 86.4309 178.827
2 86.4365 162.443
2 86.4426 195.16
2 86.4478 221.631
2 86.4523 94.3218
2 86.4629 221.337
2 86.4674 206.016
2 86.4722 109.469
2 86.4814 200.08
2 86.4864 240.327
2 86.4905 182.448
2 86.496 184.98
2 86.5014 170.503
2 86.5073 200.924
2 86.5123 260.213
2 86.5161 169.549
2 86.522 109.577
2 86.5311 859.107
2 86.5323 197.941
2 86.5373 212.721
2 86.5421 358.423
2 86.5448 592.066
2 86.5465 175.716
2 86.5522 88.347
2 86.5635 264.34
2 86.5673 152.765
2 86.5739 126.167
2 86.5818 94.5358
2 86.5924 94.0557
2 86.603 127.129
2 86.6109 674.764
2 86.6124 33.0524
2 86.6426 112.88
2 86.6515 251.383
2 86.6554 177.968
2 86.6611 269.469
2 86.6648 249.128
2 86.6688 240.327
2 86.6729 253.1
2 86.6769 222.668
2 86.6814 153.894
2 86.6879 178.923
2 86.6935 212.044
2 86.6982 107.009
2 86.7075 329.381
2 86.7106 481.696
2 86.7127 157.53
2 86.719 143.308
2 86.726 120.294
2 86.7343 124.054
2 86.7424 337.724
2 86.7453 93.2662
2 86.756 37.9133
2 86.7824 95.3198
2 86.7929 134.789
2 86.8003 18.7783
2 86.8536 114.43
2 86.8623 232.45
2 86.8666 244.738
2 86.8707 266.88
2 86.8744 135.999
2 86.8818 113.071
2 86.8906 44.285
2 86.9132 109.146
2 86.9224 323.625
2 86.9255 190.694
2 86.9307 331.345
2 86.9337 115.3
2 86.9424 91.9287
2 86.9533 110.448
2 86.9623 312.695
2 86.9655 10.0505
2 87.065 212.179
2 87.0698 248.201
2 87.0738 287.853
2 87.0773 244.559
2 87.0813 253.485
2 87.0853 390.778
2 87.0878 262.055
2 87.0917 203.749
2 87.0966 161.499
2 87.1028 218.007
2 87.1074 41.2848
2 87.1316 75.6544
2 87.1448 166.251
2 87.1508 10.3132
2 87.2478 52.9521
2 87.2667 1.04625

3 88.3528 95.4016
3 88.3633 106.564
3 88.3727 33.6055
3 88.4024 69.2713
3 88.4169 187.371
3 88.4222 56.4302
3 88.4399 78.0092
3 88.4527 221.631
3 88.4573 167.757
3 88.4632 104.428
3 88.4728 147.167
3 88.4796 342.231
3 88.4825 499.75
3 88.4845 154.25
3 88.491 212.45
3 88.4957 133.923
3 88.5032 189.609
3 88.5084 122.549
3 88.5166 145.56
3 88.5235 172.533
3 88.5293 78.5793
3 88.542 93.633
3 88.5527 257.599
3 88.5566 250.815
3 88.5605 184.06
3 88.566 210.438
3 88.5707 260.01
3 88.5746 78.2289
3 88.5874 186.324
3 88.5927 235.571
3 88.597 82.122
3 88.6091 278.94
3 88.6127 95.7854
3 88.6232 104.134
3 88.6328 564.972
3 88.6345 16.8699
3 88.6938 57.2639
3 88.7113 331.345
3 88.7143 163.8
3 88.7204 423.549
3 88.7228 529.942
3 88.7247 42.3012
3 88.7483 320.205
3 88.7514 301.114
3 88.7547 219.298
3 88.7593 63.4075
3 88.7751 129.853
3 88.7828 240.154
3 88.7869 227.842
3 88.7913 59.8229
3 88.808 28.7431
3 88.8428 14.8617
3 88.9101 252.334
3 88.9141 70.6364
3 88.9282 68.8137
3 88.9428 53.9025
3 88.9613 217.865
3 88.9659 177.494
3 88.9715 193.125
3 88.9767 193.125
3 88.9819 82.6105
3 88.994 111.037
3 89.003 50.5051
3 89.0228 49.9077
3 89.0429 10.5123
3 89.138 66.1376
3 89.1531 204.499
3 89.158 187.899
3 89.1633 119.218
3 89.1717 49.412
3 89.1919 0.924837

4 90.2932 92.1319
4 90.3041 123.87
4 90.3122 24.3238
4 90.3533 50.1781
4 90.3732 93.3968
4 90.3839 107.009
4 90.3933 235.571
4 90.3975 159.337
4 90.4038 195.503
4 90.4089 231.481
4 90.4132 50.1555
4 90.4331 214.087
4 90.4378 169.981
4 90.4437 243.132
4 90.4478 213.265
4 90.4525 195.274
4 90.4576 204.876
4 90.4625 169.463
4 90.4684 99.0884
4 90.4785 230.362
4 90.4828 160.026
4 90.4891 247.463
4 90.4931 189.179
4 90.4984 218.293
4 90.503 145.243
4 90.5099 490.196
4 90.5119 130.31
4 90.5196 61.5233
4 90.5359 59.8982
4 90.5525 89.0789
4 90.5638 33.9859
4 90.5932 93.3445
4 90.6039 42.9387
4 90.6272 166.667
4 90.6332 94.4555
4 90.6438 114.116
4 90.6525 89.823
4 90.6637 187.793
4 90.669 171.999
4 90.6748 111.483
4 90.6838 199.005
4 90.6888 191.791
4 90.694 236.239
4 90.6983 207.168
4 90.7031 133.174
4 90.7106 234.247
4 90.7149 204.123
4 90.7198 178.923
4 90.7254 84.8392
4 90.7371 210.305
4 90.7419 879.507
4 90.743 110.742
4 90.7521 91.1993
4 90.763 138.485
4 90.7703 211.909
4 90.775 118.624
4 90.7834 126.263
4 90.7913 79.7448
4 90.8039 131.182
4 90.8115 108.578
4 90.8207 44.617
4 90.8431 167.001
4 90.8491 15.7888
4 90.9124 91.8021
4 90.9233 127.324
4 90.9312 82.6515
4 90.9433 89.3895
4 90.9545 252.143
4 90.9584 249.875
4 90.9624 236.574
4 90.9667 132.961
4 90.9742 241.022
4 90.9783 427.35
4 90.9807 218.579
4 90.9852 966.184
4 90.9863 58.8824
4 91.0033 183.554
4 91.0087 55.4908
4 91.0267 8.5282
4 91.144 115.181
4 91.1527 197.355
4 91.1577 110.926
4 91.1668 72.197
4 91.1806 105.854
4 91.19 1.09631

5 92.1213 217.439
5 92.1259 82.8363
5 92.1379 110.485
5 92.147 7.8931
5 92.2737 52.6011
5 92.2927 86.4678
5 92.3043 34.0032
5 92.3337 222.668
5 92.3382 156.495
5 92.3446 74.9064
5 92.3579 55.9378
5 92.3758 55.9003
5 92.3937 95.511
5 92.4041 104.723
5 92.4137 92.5412
5 92.4245 50.4286
5 92.4443 88.0669
5 92.4557 55.7787
5 92.4736 249.875
5 92.4776 153.398
5 92.4841 126.358
5 92.492 610.501
5 92.4937 235.905
5 92.4979 137.061
5 92.5052 177.117
5 92.5109 124.938
5 92.5189 181.653
5 92.5244 290.867
5 92.5278 60.1251
5 92.5444 127.226
5 92.5523 159.566
5 92.5586 208.203
5 92.5634 49.7958
5 92.5835 97.6944
5 92.5937 418.76
5 92.5961 213.95
5 92.6008 77.5916
5 92.6136 147.82
5 92.6204 75.0751
5 92.6337 258.398
5 92.6376 147.037
5 92.6444 107.77
5 92.6537 394.477
5 92.6562 198.649
5 92.6612 318.674
5 92.6644 422.476
5 92.6667 183.857
5 92.6722 217.581
5 92.6768 414.594
5 92.6792 455.373
5 92.6814 124.239
5 92.6894 288.85
5 92.6929 144.113
5 92.6998 225.53
5 92.7043 252.334
5 92.7082 209.644
5 92.713 93.5541
5 92.7237 219.298
5 92.7283 231.803
5 92.7326 192.567
5 92.7378 60.7054
5 92.7542 161.031
5 92.7604 90.1144
5 92.7715 81.7795
5 92.7838 60.2664
5 92.8004 148.61
5 92.8071 82.203
5 92.8193 40.71
5 92.8438 227.531
5 92.8482 53.3846
5 92.867 48.3302
5 92.8876 75.2445
5 92.9009 56.4685
5 92.9186 187.161
5 92.924 71.4694
5 92.938 175.346
5 92.9437 164.447
5 92.9498 176.835
5 92.9554 206.654
5 92.9603 175.439
5 92.966 238.265
5 92.9702 245.821
5 92.9742 89.9685
5 92.9853 99.4135
5 92.9954 7.54643
5 93.1279 229.885
5 93.1323 76.9645
5 93.1452 207.039
5 93.1501 215.471
5 93.1547 194.477
5 93.1599 130.31
5 93.1675 187.266
5 93.1729 7.70072
5 93.3027 117.702
5 93.3112 180.668
5 93.3168 68.0272
5 93.3315 1.41763

6 94.0454 50.3753
6 94.0652 122.865
6 94.0734 86.0437
6 94.085 5.28647
6 94.2741 50.0125
6 94.2941 92.5412
6 94.3049 34.195
6 94.3342 50.1404
6 94.3541 92.5926
6 94.3649 108.542
6 94.3741 50.1027
6 94.3941 93.423
6 94.4048 107.078
6 94.4141 50.0726
6 94.4341 132.749
6 94.4417 223.115
6 94.4461 125.172
6 94.4541 185.494
6 94.4595 73.0194
6 94.4732 1010.1
6 94.4742 181.258
6 94.4797 189.394
6 94.485 109.361
6 94.4941 255.232
6 94.4981 62.2239
6 94.5141 95.2653
6 94.5246 117.619
6 94.5331 971.817
6 94.5342 89.3416
6 94.5454 51.164
6 94.5649 108.331
6 94.5741 127.763
6 94.582 353.107
6 94.5848 297.354
6 94.5881 166.75
6 94.5941 143.184
6 94.6011 84.0901
6 94.613 888.889
6 94.6141 332.336
6 94.6172 58.8201
6 94.6342 290.36
6 94.6376 180.865
6 94.6431 476.872
6 94.6452 348.311
6 94.6481 83.7942
6 94.66 197.472
6 94.6651 122.549
6 94.6733 190.476
6 94.6785 86.8282
6 94.69 182.05
6 94.6955 160.333
6 94.7018 66.3878
6 94.7168 135.391
6 94.7242 243.843
6 94.7283 220.604
6 94.7328 204.499
6 94.7377 155.328
6 94.7442 170.853
6 94.75 211.506
6 94.7547 171.468
6 94.7606 231.16
6 94.7649 194.363
6 94.77 47.3283
6 94.7912 95.8405
6 94.8016 89.3176
6 94.8128 68.0689
6 94.8275 46.6919
6 94.8489 50.551
6 94.8687 84.1114
6 94.8806 10.7323
6 94.9738 87.3744
6 94.9852 159.795
6 94.9915 227.066
6 94.9959 141.784
6 95.0029 180.668
6 95.0085 184.366
6 95.0139 96.8992
6 95.0242 132.275
6 95.0318 195.618
6 95.0369 130.208
6 95.0446 67.0961
6 95.0595 59.0807
6 95.0764 0.999195

7 96.0863 95.2653
7 96.0968 192.901
7 96.102 115.902
7 96.1107 66.7601
7 96.1256 6.71434
7 96.2746 49.9975
7 96.2946 87.3744
7 96.306 92.3617
7 96.3168 168.606
7 96.3228 384.911
7 96.3254 371.609
7 96.3281 170.59
7 96.3339 87.1916
7 96.3454 109.039
7 96.3546 69.4444
7 96.369 179.791
7 96.3745 139.528
7 96.3817 273.673
7 96.3853 340.136
7 96.3883 159.949
7 96.3945 95.429
7 96.405 146.649
7 96.4118 174.429
7 96.4176 130.208
7 96.4253 178.731
7 96.4308 268.168
7 96.4346 93.188
7 96.4453 163.319
7 96.4514 319.591
7 96.4546 463.607
7 96.4567 94.2951
7 96.4673 137.969
7 96.4746 124.1
7 96.4826 120.207
7 96.4909 272.554
7 96.4946 151.24
7 96.5012 188.537
7 96.5065 124.1
7 96.5146 141.965
7 96.5216 103.327
7 96.5313 301.386
7 96.5346 466.2
7 96.5368 119.646
7 96.5451 142.878
7 96.5521 492.368
7 96.5542 205.634
7 96.559 156.348
7 96.5654 108.826
7 96.5746 159.795
7 96.5809 224.921
7 96.5853 107.631
7 96.5946 89.5817
7 96.6058 113.109
7 96.6146 199.601
7 96.6196 175.439
7 96.6253 107.805
7 96.6346 203.252
7 96.6395 155.039
7 96.646 449.236
7 96.6482 239.12
7 96.6524 226.142
7 96.6568 115.34
7 96.6655 117.495
7 96.674 339.098
7 96.6769 117.994
7 96.6854 126.167
7 96.6933 228.624
7 96.6977 194.818
7 96.7028 209.118
7 96.7076 77.7363
7 96.7205 149.477
7 96.7272 201.288
7 96.7321 65.3211
7 96.7474 218.436
7 96.752 61.207
7 96.7684 55.0691
7 96.7865 228.154
7 96.7909 10.6306
7 96.885 86.423
7 96.8965 196.541
7 96.9016 206.271
7 96.9065 150.421
7 96.9131 102.596
7 96.9229 110.12
7 96.932 207.426
7 96.9368 142.755
7 96.9438 435.161
7 96.9461 123.365
7 96.9542 156.421
7 96.9606 235.571
7 96.9648 52.6094
7 96.9838 0.82564

8 98.275 50.035
8 98.295 49.9525
8 98.315 90.9008
8 98.326 111.408
8 98.335 49.9675
8 98.355 90.876
8 98.366 111.111
8 98.375 91.954
8 98.3859 109.649
8 98.395 90.4077
8 98.4061 111.894
8 98.415 49.975
8 98.435 60.3865
8 98.4516 291.63
8 98.455 330.688
8 98.4581 126.839
8 98.4659 137.855
8 98.4732 521.648
8 98.4751 86.0882
8 98.4867 51.6716
8 98.5061 213.675
8 98.5108 236.574
8 98.515 374.111
8 98.5177 117.869
8 98.5261 112.727
8 98.535 49.9675
8 98.555 49.9975
8 98.575 364.697
8 98.5778 126.31
8 98.5857 107.631
8 98.595 51.3373
8 98.6145 151.309
8 98.6211 85.9328
8 98.6327 176.087
8 98.6384 192.79
8 98.6436 87.535
8 98.655 90.1876
8 98.6661 183.554
8 98.6715 209.908
8 98.6763 227.531
8 98.6807 214.5
8 98.6853 107.492
8 98.6947 118.497
8 98.7031 78.9515
8 98.7158 216.45
8 98.7204 330.36
8 98.7234 124.239
8 98.7315 156.421
8 98.7378 58.6648
8 98.7549 459.77
8 98.7571 99.2063
8 98.7671 95.8681
8 98.7776 25.2391
8 98.8172 109.649
8 98.8263 14.8419
8 98.8937 21.4957
8 98.9402 258.799
8 98.9441 193.686
8 98.9492 186.637
8 98.9546 59.577
8 98.9714 367.107
8 98.9741 329.381
8 98.9771 157.381
8 98.9835 566.893
8 98.9853 150.286
8 98.9919 15.2465
8 99.0575 5.73822
8 99.2318 85.7339
8 99.2434 55.9942
8 99.2613 73.3891
8 99.2749 33.9167
8 99.3044 128.205
8 99.3122 124.471
8 99.3202 43.3013
8 99.3433 86.5576
8 99.3549 1.18965

9 100.227 158.579
9 100.233 44.9903
9 100.255 49.9002
9 100.275 50.035
9 100.295 49.9825
9 100.315 50.02
9 100.335 287.853
9 100.339 60.4193
9 100.356 50.2538
9 100.375 49.8107
9 100.395 89.3655
9 100.407 112.994
9 100.416 231.803
9 100.42 87.1916
9 100.431 241.371
9 100.435 93.5279
9 100.446 61.9694
9 100.462 75.6201
9 100.475 102.312
9 100.485 97.7231
9 100.496 69.5024
9 100.51 178.635
9 100.515 50.0801
9 100.535 93.3707
9 100.546 152.975
9 100.553 355.366
9 100.556 256.016
9 100.559 144.425
9 100.566 115.942
9 100.575 62.0848
9 100.591 226.142
9 100.596 249.875
9 100.6 153.116
9 100.606 181.851
9 100.612 253.485
9 100.615 285.633
9 100.619 60.6722
9 100.635 343.643
9 100.638 88.5818
9 100.65 171.556
9 100.655 41.198
9 100.68 47.5919
9 100.701 167.504
9 100.707 152.555
9 100.713 200.682
9 100.718 191.902
9 100.723 252.525
9 100.727 209.118
9 100.732 226.296
9 100.737 272.331
9 100.74 630.12
9 100.742 181.258
9 100.747 166.667
9 100.753 148.61
9 100.76 260.62
9 100.764 330.36
9 100.767 195.618
9 100.772 172.265
9 100.778 154.823
9 100.784 51.3373
9 100.804 61.5688
9 100.82 50.0801
9 100.84 63.1672
9 100.856 15.812
9 100.919 77.3754
9 100.932 166.085
9 100.938 132.17
9 100.946 214.362
9 100.95 86.6927
9 100.962 74.4546
9 100.975 57.2639
9 100.993 294.985
9 100.996 59.4813
9 101.013 186.637
9 101.018 0.795143

10 102.296 49.9226
10 102.316 50.0576
10 102.336 49.96
10 102.356 49.9451
10 102.376 50.1706
10 102.396 49.8927
10 102.416 49.9675
10 102.436 82.021
10 102.448 129.049
10 102.456 62.9168
10 102.472 244.2
10 102.476 43.2844
10 102.499 157.754
10 102.505 94.2951
10 102.516 304.414
10 102.519 241.721
10 102.523 289.352
10 102.527 289.855
10 102.53 180.375
10 102.536 86.3334
10 102.547 117
10 102.556 112.537
10 102.565 125.739
10 102.573 311.818
10 102.576 94.0557
10 102.587 134.68
10 102.594 130.719
10 102.602 69.4589
10 102.616 155.982
10 102.623 186.428
10 102.628 133.869
10 102.635 156.789
10 102.642 187.161
10 102.647 176.46
10 102.653 305.81
10 102.656 464.253
10 102.658 119.603
10 102.667 203.252
10 102.671 261.849
10 102.675 369.549
10 102.678 186.951
10 102.683 62.6331
10 102.699 952.381
10 102.7 148.677
10 102.707 170.416
10 102.713 189.072
10 102.718 177.211
10 102.724 217.155
10 102.729 128.65
10 102.736 71.8856
10 102.75 205.002
10 102.755 121.212
10 102.763 30.2371
10 102.796 35.7079
10 102.824 18.0766
10 102.88 74.5379
10 102.893 77.5194
10 102.906 152.765
10 102.913 112.461
10 102.921 91.8021
10 102.932 324.254
10 102.935 323.625
10 102.939 178.635
10 102.944 381.388
10 102.947 201.167
10 102.952 202.634
10 102.957 147.102
10 102.963 99.0589
10 102.974 91.1743
10 102.985 418.235
10 102.987 83.5841
10 102.999 4.55884
10 103.218 0.0117845

11 188.096 205.255
11 188.101 28.3591
11 188.136 206.398
11 188.141 177.683
11 188.146 105.887
11 188.156 359.583
11 188.159 222.816
11 188.163 248.016
11 188.167 253.485
11 188.171 255.037
11 188.175 279.642
11 188.179 124.704
11 188.187 262.261
11 188.19 103.391
11 188.2 237.417
11 188.204 266.241
11 188.208 216.873
11 188.213 320.205
11 188.216 113.456
11 188.225 240.848
11 188.229 227.066
11 188.233 249.688
11 188.237 227.531
11 188.242 223.564
11 188.246 265.182
11 188.25 144.238
11 188.257 261.643
11 188.261 254.647
11 188.265 268.168
11 188.268 133.654
11 188.276 287.356
11 188.279 125.408
11 188.287 132.538
11 188.295 252.525
11 188.299 125.691
11 188.307 82.8363
11 188.319 162.285
11 188.325 203.252
11 188.33 188.111
11 188.335 251.383
11 188.339 217.297
11 188.344 209.38
11 188.348 240.327
11 188.353 204.248
11 188.358 303.03
11 188.361 116.877
11 188.369 185.598
11 188.375 346.141
11 188.378 35.5252
11 188.406 163.079
11 188.412 214.362
11 188.417 219.01
11 188.421 198.531
11 188.426 114.194
11 188.435 205.761
11 188.44 228.467
11 188.444 189.934
11 188.449 111.819
11 188.458 184.468
11 188.464 87.8812
11 188.475 105.385
11 188.485 149.209
11 188.491 160.565
11 188.498 272.331
11 188.501 216.591
11 188.506 113.033
11 188.515 179.598
11 188.52 122.1
11 188.529 84.3241
11 188.54 104.134
11 188.55 72.4165
11 188.564 73.5186
11 188.577 70.7414
11 188.592 201.167
11 188.597 176.18
11 188.602 97.7231
11 188.612 40.122
11 188.637 172.176
11 188.643 192.456
11 188.648 72.2126
11 188.662 206.911
11 188.667 108.578
11 188.676 60.2664
11 188.693 281.057
11 188.696 214.225
11 188.701 68.9275
11 188.716 25.3524
11 188.755 73.0674
11 188.769 19.0476
11 188.821 212.857
11 188.826 105.82
11 188.835 85.5139
11 188.847 155.111
11 188.854 130.361
11 188.861 151.791
11 188.868 138.427
11 188.875 294.985
11 188.878 1.01201

12 189.878 167.001
12 189.884 42.8009
12 189.907 191.351
12 189.912 124.984
12 189.92 139.587
12 189.927 41.6198
12 189.951 29.6323
12 189.985 14.0522
12 190.056 209.512
12 190.061 318.979
12 190.064 57.9408
12 190.081 90.1632
12 190.092 191.131
12 190.098 121.389
12 190.106 67.792
12 190.121 83.605
12 190.133 39.4945
12 190.158 168.095
12 190.164 70.6065
12 190.178 43.0997
12 190.201 36.0516
12 190.229 104.46
12 190.239 29.5954
12 190.272 69.1419
12 190.287 58.8928
12 190.304 124.008
12 190.312 193.349
12 190.317 174.703
12 190.323 92.1065
12 190.334 124.146
12 190.342 215.75
12 190.346 187.371
12 190.352 108.719
12 190.361 205.761
12 190.366 250.815
12 190.37 227.376
12 190.374 217.865
12 190.379 233.1
12 190.383 193.349
12 190.388 210.97
12 190.393 191.351
12 190.398 92.4129
12 190.409 342.583
12 190.412 143.062
12 190.419 80.0897
12 190.431 182.448
12 190.437 232.288
12 190.441 195.733
12 190.446 68.5448
12 190.461 131.234
12 190.468 154.823
12 190.475 205.381
12 190.48 282.008
12 190.483 74.6046
12 190.497 64.6747
12 190.512 91.5751
12 190.523 158.655
12 190.529 164.366
12 190.536 180.473
12 190.541 8.11208
12 190.664 133.174
12 190.672 176.274
12 190.678 394.945
12 190.68 159.261
12 190.686 76.1731
12 190.699 158.278
12 190.706 83.9208
12 190.718 114.39
12 190.726 111.334
12 190.735 403.063
12 190.738 145.18
12 190.745 48.1904
12 190.766 48.5131
12 190.786 7.23741
12 190.924 76.9645
12 190.937 132.433
12 190.945 90.9504
12 190.956 195.618
12 190.961 52.4934
12 190.98 81.3603
12 190.992 262.467
12 190.996 138.083
12 191.003 164.609
12 191.009 114.548
12 191.018 1.22481

13 191.915 159.872
13 191.921 79.7448
13 191.933 41.2797
13 191.958 155.4
13 191.964 441.501
13 191.966 142.816
13 191.973 51.8001
13 191.993 120.685
13 192.001 81.0045
13 192.013 95.048
13 192.024 156.055
13 192.03 201.654
13 192.035 87.4202
13 192.047 4.25555
13 192.282 119.732
13 192.29 330.688
13 192.293 271.444
13 192.297 99.681
13 192.307 69.5024
13 192.321 110.816
13 192.33 195.618
13 192.335 94.9397
13 192.346 266.88
13 192.349 405.515
13 192.352 51.3769
13 192.371 464.253
13 192.374 502.008
13 192.376 173.25
13 192.381 189.286
13 192.387 180.375
13 192.392 127.324
13 192.4 1035.2
13 192.401 268.817
13 192.405 65.9413
13 192.42 142.939
13 192.427 185.805
13 192.432 154.536
13 192.439 95.6206
13 192.449 139.47
13 192.456 80.457
13 192.469 116.469
13 192.477 13.3344
13 192.552 19.7134
13 192.603 104.297
13 192.613 145.117
13 192.62 115.181
13 192.628 126.167
13 192.636 130.056
13 192.644 208.333
13 192.649 198.649
13 192.654 75.3636
13 192.667 50.8595
13 192.687 49.2368
13 192.707 7.36974
13 192.843 172.712
13 192.848 104.789
13 192.858 174.429
13 192.864 219.587
13 192.868 53.2992
13 192.887 108.684
13 192.896 128.254
13 192.904 23.3182
13 192.947 6.96141
13 193.091 186.741
13 193.096 868.056
13 193.097 50.0801
13 193.117 90.4568
13 193.128 175.994
13 193.134 299.222
13 193.137 75.0075
13 193.15 151.584
13 193.157 2.09413

14 193.644 162.76
14 193.65 57.1265
14 193.667 59.1017
14 193.684 6.06182
14 193.849 102.69
14 193.859 45.2161
14 193.881 60.9162
14 193.897 86.2441
14 193.909 83.626
14 193.921 61.4666
14 193.937 49.9451
14 193.957 50.0576
14 193.977 16.665
14 194.037 50.005
14 194.057 19.0705
14 194.11 193.237
14 194.115 130.056
14 194.123 102.312
14 194.132 45.8064
14 194.154 36.2516
14 194.182 109.902
14 194.191 190.803
14 194.196 77.6458
14 194.209 288.85
14 194.212 212.314
14 194.217 65.066
14 194.232 215.054
14 194.237 93.2662
14 194.248 215.61
14 194.252 116.306
14 194.261 149.343
14 194.268 224.165
14 194.272 172.354
14 194.278 99.7705
14 194.288 94.9397
14 194.299 30.3389
14 194.332 119.09
14 194.34 51.0152
14 194.36 74.8223
14 194.373 81.1227
14 194.385 230.84
14 194.39 147.362
14 194.396 218.723
14 194.401 238.265
14 194.405 101.348
14 194.415 239.981
14 194.419 199.84
14 194.424 167.001
14 194.43 376.648
14 194.433 143.246
14 194.44 257.798
14 194.444 341.53
14 194.447 48.4285
14 194.467 181.159
14 194.473 203.252
14 194.478 165.59
14 194.484 157.011
14 194.49 10.5235
14 194.585 70.6215
14 194.599 191.461
14 194.605 365.898
14 194.607 526.593
14 194.609 193.686
14 194.614 104.264
14 194.624 175.254
14 194.63 173.611
14 194.635 674.764
14 194.637 329.707
14 194.64 557.414
14 194.642 179.791
14 194.647 72.0254
14 194.661 89.2698
14 194.672 125.219
14 194.68 7.92142
14 194.807 127.518
14 194.814 92.7988
14 194.825 59.4813
14 194.842 184.57
14 194.847 158.881
14 194.854 1.15569

15 195.741 166.5
15 195.747 6.65642
15 195.898 45.1121
15 195.92 50.1253
15 195.94 246.002
15 195.944 140.233
15 195.951 198.177
15 195.956 615.006
15 195.958 33.7861
15 195.987 780.64
15 195.989 192.456
15 195.994 250.627
15 195.998 50.2008
15 196.018 169.895
15 196.024 70.7864
15 196.038 50.02
15 196.058 49.8405
15 196.078 49.9226
15 196.098 50.0877
15 196.118 304.692
15 196.121 87.1004
15 196.132 193.911
15 196.138 426.803
15 196.14 153.398
15 196.146 89.9928
15 196.158 63.5647
15 196.173 222.965
15 196.178 151.103
15 196.184 198.177
15 196.189 161.655
15 196.196 190.913
15 196.201 162.999
15 196.207 553.71
15 196.209 347.584
15 196.212 243.309
15 196.216 542.005
15 196.218 402.576
15 196.22 199.601
15 196.225 310.366
15 196.228 99.1473
15 196.238 91.5499
15 196.249 68.306
15 196.264 208.986
15 196.269 212.993
15 196.274 244.2
15 196.278 134.735
15 196.285 80.6517
15 196.297 153.116
15 196.304 89.9928
15 196.315 80.1282
15 196.328 203.128
15 196.332 91.9287
15 196.343 227.066
15 196.348 207.168
15 196.353 84.6024
15 196.364 178.444
15 196.37 133.601
15 196.377 165.18
15 196.384 95.2653
15 196.394 27.6694
15 196.43 33.4068
15 196.46 69.8959
15 196.474 75.5173
15 196.488 232.288
15 196.492 318.674
15 196.495 319.898
15 196.498 156.348
15 196.505 332.005
15 196.508 111.932
15 196.517 237.586
15 196.521 279.174
15 196.524 678.887
15 196.526 79.4029
15 196.538 231.481
15 196.543 37.5756
15 196.569 131.752
15 196.577 69.1133
15 196.591 8.63625
15 196.707 185.701
15 196.713 627.746
15 196.714 205.761
15 196.719 195.618
15 196.724 115.34
15 196.733 121.877
15 196.741 95.3471
15 196.752 58.6958
15 196.769 67.9717
15 196.783 0.72319

16 198.178 94.8317
16 198.189 105.921
16 198.198 120.511
16 198.206 152.905
16 198.213 195.848
16 198.218 164.69
16 198.224 205.634
16 198.229 110.047
16 198.238 69.7788
16 198.252 225.989
16 198.257 740.741
16 198.258 79.384
16 198.271 139.121
16 198.278 191.791
16 198.283 171.116
16 198.289 84.8176
16 198.301 90.4568
16 198.312 186.532
16 198.317 66.0066
16 198.332 246.548
16 198.336 97.4374
16 198.347 225.073
16 198.351 195.389
16 198.356 212.179
16 198.361 426.257
16 198.363 232.45
16 198.368 198.531
16 198.373 238.607
16 198.377 92.5926
16 198.388 202.634
16 198.393 188.005
16 198.398 184.98
16 198.403 176.647
16 198.409 188.218
16 198.414 114.626
16 198.423 224.316
16 198.427 127.812
16 198.435 118.078
16 198.444 164.123
16 198.45 90.4814
16 198.461 42.452
16 198.484 127.421
16 198.492 2.62972
16 198.873 274.348
16 198.876 60.8273
16 198.893 96.6184
16 198.903 191.791
16 198.908 109.866
16 198.917 77.5735
16 198.93 104.987
16 198.94 78.9702
16 198.952 106.564
16 198.962 219.443
16 198.966 211.64
16 198.971 309.502
16 198.974 206.782
16 198.979 148.677
16 198.986 224.77
16 198.99 104.264
16 199 120.904
16 199.008 0.970442

17 200.059 92.1065
17 200.069 108.12
17 200.079 50.2159
17 200.099 154.464
17 200.105 215.193
17 200.11 175.254
17 200.115 158.353
17 200.122 59.2803
17 200.139 207.943
17 200.143 217.014
17 200.148 207.814
17 200.153 208.333
17 200.158 47.6395
17 200.179 436.3
17 200.181 91.3743
17 200.192 171.821
17 200.198 154.107
17 200.204 179.019
17 200.21 145.497
17 200.217 490.918
17 200.219 416.667
17 200.221 152.695
17 200.228 144.55
17 200.234 239.636
17 200.239 489.476
17 200.241 275.255
17 200.244 130.976
17 200.252 169.119
17 200.258 200.562
17 200.263 156.568
17 200.269 176.929
17 200.275 277.085
17 200.279 303.03
17 200.282 174.703
17 200.288 203.998
17 200.292 213.812
17 200.297 284.414
17 200.301 379.219
17 200.303 63.9427
17 200.319 192.678
17 200.324 91.3993
17 200.335 45.4194
17 200.357 157.828
17 200.363 112.841
17 200.372 426.257
17 200.375 124.891
17 200.383 47.8034
17 200.404 49.9077
17 200.424 8.35003
17 200.543 88.7233
17 200.555 159.109
17 200.561 238.607
17 200.565 245.098
17 200.569 212.585
17 200.574 188.218
17 200.579 204.123
17 200.584 138.6
17 200.591 173.07
17 200.597 53.3504
17 200.616 77.5014
17 200.629 7.45012
17 200.763 109.613
17 200.772 161.577
17 200.778 70.1311
17 200.792 149.009
17 200.799 121.256
17 200.807 46.6005
17 200.829 174.978
17 200.835 58.4078
17 200.852 187.688
17 200.857 145.18
17 200.864 1.26144

18 201.667 41.0357
18 201.691 102.533
18 201.701 71.4082
18 201.715 7.1563
18 201.854 47.0345
18 201.876 42.8174
18 201.899 16.6692
18 201.959 49.8927
18 201.979 50.0425
18 201.999 24.9669
18 202.039 49.96
18 202.059 50.2008
18 202.079 84.8608
18 202.091 121.433
18 202.099 50.0425
18 202.119 70.1164
18 202.133 134.953
18 202.141 109.577
18 202.15 120.773
18 202.158 128.999
18 202.166 189.825
18 202.171 126.406
18 202.179 266.88
18 202.183 190.913
18 202.188 169.291
18 202.194 197.239
18 202.199 145.18
18 202.206 76.2428
18 202.219 188.324
18 202.224 199.601
18 202.229 203.874
18 202.234 209.908
18 202.239 164.366
18 202.245 205.128
18 202.25 148.81
18 202.257 158.278
18 202.263 62.6213
18 202.279 208.203
18 202.284 485.909
18 202.286 78.064
18 202.299 35.7884
18 202.327 73.5998
18 202.34 29.4256
18 202.374 174.246
18 202.38 109.361
18 202.389 140.885
18 202.396 209.249
18 202.401 219.443
18 202.405 182.249
18 202.411 181.851
18 202.416 214.362
18 202.421 145.307
18 202.428 260.62
18 202.432 186.22
18 202.437 28.6418
18 202.472 83.5213
18 202.484 62.9644
18 202.5 15.0809
18 202.566 70.9522
18 202.58 153.965
18 202.587 231.481
18 202.591 105.285
18 202.601 225.378
18 202.605 256.41
18 202.609 497.512
18 202.611 117.041
18 202.62 145.497
18 202.626 91.4997
18 202.637 92.7214
18 202.648 132.38
18 202.656 8.04201
18 202.78 183.655
18 202.786 90.5059
18 202.797 176.835
18 202.802 166.168
18 202.808 223.564
18 202.813 141.064
18 202.82 165.837
18 202.826 58.5103
18 202.843 676.133
18 202.844 33.6022
18 202.874 1.65946

19 203.675 117
19 203.683 138.773
19 203.691 82.8157
19 203.703 109.004
19 203.712 207.684
19 203.717 68.4463
19 203.731 6.33449
19 203.889 94.697
19 203.9 282.008
19 203.903 112.537
19 203.912 133.12
19 203.92 84.8392
19 203.931 122.956
19 203.939 49.7735
19 203.96 50.0877
19 203.98 91.0249
19 203.991 111
19 204 360.36
19 204.002 58.0619
19 204.02 50.005
19 204.04 50.0125
19 204.06 54.4929
19 204.078 46.066
19 204.1 50.2311
19 204.119 50.0877
19 204.139 49.9975
19 204.159 106.633
19 204.169 93.8438
19 204.179 77.6458
19 204.192 187.899
19 204.198 543.774
19 204.2 50.1404
19 204.219 316.256
19 204.223 130.924
19 204.23 107.91
19 204.24 273.448
19 204.243 112.765
19 204.252 169.895
19 204.258 643.501
19 204.259 242.601
19 204.264 63.2031
19 204.279 209.776
19 204.284 164.285
19 204.29 127.861
19 204.298 48.506
19 204.319 151.172
19 204.325 91.4495
19 204.336 48.6547
19 204.357 164.935
19 204.363 103.616
19 204.373 166.667
19 204.379 95.5932
19 204.389 188.218
19 204.394 50.1329
19 204.414 177.117
19 204.42 69.1563
19 204.434 214.087
19 204.439 223.564
19 204.444 213.675
19 204.448 145.56
19 204.455 180.278
19 204.461 91.8021
19 204.472 75.8093
19 204.485 164.772
19 204.491 184.57
19 204.496 221.926
19 204.501 50.7743
19 204.52 149.209
19 204.527 170.94
19 204.533 107.181
19 204.542 7.38492
19 204.678 106.123
19 204.687 211.506
19 204.692 230.362
19 204.696 197.239
19 204.701 208.594
19 204.706 208.464
19 204.711 239.12
19 204.715 260.62
19 204.719 148.412
19 204.726 35.3145
19 204.754 0.742905

20 206.113 151.378
20 206.12 180.473
20 206.125 118.078
20 206.134 87.7886
20 206.145 187.477
20 206.151 107.147
20 206.16 95.2653
20 206.17 191.351
20 206.176 104.493
20 206.185 114.077
20 206.194 58.4385
20 206.211 89.7747
20 206.222 177.022
20 206.228 31.3195
20 206.26 50.005
20 206.28 54.6627
20 206.298 139.938
20 206.305 115.861
20 206.314 70.2494
20 206.328 94.402
20 206.339 160.798
20 206.345 197.006
20 206.35 177.022
20 206.356 144.865
20 206.363 163.881
20 206.369 797.448
20 206.37 214.087
20 206.375 208.333
20 206.379 175.346
20 206.385 153.468
20 206.392 185.701
20 206.397 189.609
20 206.402 337.382
20 206.405 214.777
20 206.41 168.35
20 206.416 174.155
20 206.422 123.87
20 206.43 23.0473
20 206.473 12.9909
20 206.55 38.9818
20 206.576 179.211
20 206.581 215.054
20 206.586 162.92
20 206.592 230.521
20 206.596 219.732
20 206.601 135.007
20 206.608 96.4785
20 206.619 88.6761
20 206.63 174.978
20 206.636 66.2296
20 206.651 207.039
20 206.656 8.17875
20 206.778 42.889
20 206.801 1.02024

21 207.793 185.494
21 207.798 58.4795
21 207.815 65.8371
21 207.831 32.2622
21 207.862 6.00276
21 208.028 128.75
21 208.036 88.8178
21 208.047 237.079
21 208.051 157.903
21 208.058 150.218
21 208.064 146.071
21 208.071 109.397
21 208.08 0.0157421

22 271.614 45.7561
22 271.636 114.587
22 271.645 99.8004
22 271.655 153.116
22 271.661 248.942
22 271.665 542.005
22 271.667 112.994
22 271.676 297.885
22 271.679 230.362
22 271.684 113.611
22 271.692 229.727
22 271.697 185.288
22 271.702 239.981
22 271.706 128.65
22 271.714 135.007
22 271.722 91.8274
22 271.732 273.448
22 271.736 88.0669
22 271.747 125.172
22 271.755 117.288
22 271.764 238.607
22 271.768 192.345
22 271.773 114.155
22 271.782 220.167
22 271.787 133.976
22 271.794 134.3
22 271.802 208.203
22 271.806 237.079
22 271.811 193.573
22 271.816 204.374
22 271.821 228.624
22 271.825 247.463
22 271.829 106.462
22 271.838 117.495
22 271.847 253.1
22 271.851 224.165
22 271.855 204.75
22 271.86 208.203
22 271.865 71.7309
22 271.879 228.624
22 271.883 164.447
22 271.889 175.531
22 271.895 45.0025
22 271.917 209.644
22 271.922 114.39
22 271.931 124.938
22 271.939 137.118
22 271.946 101.937
22 271.956 119.09
22 271.964 184.57
22 271.97 170.416
22 271.976 245.459
22 271.98 214.362
22 271.984 316.857
22 271.988 159.642
22 271.994 99.0295
22 272.004 78.0275
22 272.017 36.3306
22 272.044 70.9069
22 272.058 32.5172
22 272.089 42.9886
22 272.112 67.1501
22 272.127 51.0386
22 272.147 66.4673
22 272.162 75.706
22 272.175 37.9521
22 272.201 76.8935
22 272.214 53.7201
22 272.233 351.247
22 272.236 61.1733
22 272.252 94.509
22 272.263 212.179
22 272.268 160.953
22 272.274 248.756
22 272.278 118.624
22 272.286 243.132
22 272.29 227.687
22 272.295 229.568
22 272.299 219.443
22 272.304 64.2756
22 272.319 27.3179
22 272.356 7.16245
22 272.495 1.56241

23 273.163 26.6966
23 273.2 65.4879
23 273.216 163.159
23 273.222 40.5466
23 273.246 26.3588
23 273.284 88.8889
23 273.296 324.886
23 273.299 118.835
23 273.307 193.237
23 273.312 173.611
23 273.318 158.655
23 273.324 58.572
23 273.341 186.637
23 273.347 59.3648
23 273.364 66.1113
23 273.379 73.3568
23 273.392 315.06
23 273.395 116.55
23 273.404 29.6191
23 273.438 104.822
23 273.447 125.172
23 273.455 286.369
23 273.459 21.1842
23 273.506 12.3567
23 273.587 39.6259
23 273.612 67.5584
23 273.627 179.695
23 273.633 81.2612
23 273.645 45.2039
23 273.667 46.6461
23 273.688 157.754
23 273.695 58.0114
23 273.712 148.876
23 273.719 181.554
23 273.724 69.1563
23 273.739 159.949
23 273.745 487.329
23 273.747 20.5876
23 273.796 28.9704
23 273.83 49.5295
23 273.85 62.905
23 273.866 103.778
23 273.876 93.8438
23 273.886 112.309
23 273.895 176.647
23 273.901 88.5583
23 273.912 94.6163
23 273.923 87.8349
23 273.934 229.727
23 273.939 229.885
23 273.943 167.757
23 273.949 103.681
23 273.959 230.84
23 273.963 241.022
23 273.967 211.372
23 273.972 150.898
23 273.978 132.38
23 273.986 113.148
23 273.995 220.022
23 273.999 228.781
23 274.004 246.002
23 274.008 176.46
23 274.013 221.484
23 274.018 172.533
23 274.024 125.691
23 274.032 225.073
23 274.036 221.337
23 274.041 170.242
23 274.047 210.172
23 274.051 156.421
23 274.058 200.321
23 274.063 180.865
23 274.068 125.408
23 274.076 51.3848
23 274.096 135.667
23 274.103 26.8168
23 274.14 15.202
23 274.206 79.6115
23 274.219 157.754
23 274.225 129.249
23 274.233 43.5047
23 274.256 330.033
23 274.259 217.439
23 274.263 162.681
23 274.27 216.591
23 274.274 156.642
23 274.281 183.251
23 274.286 181.653
23 274.291 142.389
23 274.299 330.688
23 274.302 175.162
23 274.307 162.76
23 274.313 64.6621
23 274.329 59.0912
23 274.346 1.61083

24 275.437 206.911
24 275.442 150.693
24 275.449 57.3427
24 275.466 371.195
24 275.469 34.2654
24 275.498 134.626
24 275.506 47.8515
24 275.527 35.643
24 275.555 43.3013
24 275.578 3.12435
24 275.898 206.143
24 275.903 137.912
24 275.91 206.143
24 275.915 68.6153
24 275.929 63.4679
24 275.945 209.249
24 275.95 262.055
24 275.954 188.43
24 275.959 82.0008
24 275.971 263.713
24 275.975 209.644
24 275.98 113.921
24 275.989 197.707
24 275.994 102.344
24 276.003 196.194
24 276.008 203.749
24 276.013 215.471
24 276.018 217.297
24 276.023 122.639
24 276.031 159.261
24 276.037 238.265
24 276.041 230.681
24 276.046 183.352
24 276.051 190.803
24 276.056 260.62
24 276.06 162.999
24 276.066 194.818
24 276.071 149.343
24 276.078 86.8734
24 276.09 207.555
24 276.094 193.798
24 276.1 136.836
24 276.107 210.97
24 276.112 101.75
24 276.121 83.167
24 276.133 214.638
24 276.138 39.2573
24 276.164 124.008
24 276.172 131.13
24 276.179 82.4063
24 276.191 1.08028

25 277.125 23.8983
25 277.167 4.64194
25 277.383 196.657
25 277.388 26.7501
25 277.425 315.06
25 277.428 26.6326
25 277.466 84.3668
25 277.478 3.99575
25 277.728 103.488
25 277.738 161.264
25 277.744 137.005
25 277.751 221.926
25 277.756 87.6271
25 277.767 89.1266
25 277.778 63.6254
25 277.794 217.014
25 277.799 87.604
25 277.81 90.2609
25 277.821 110.963
25 277.83 243.843
25 277.834 80.9651
25 277.846 89.7022
25 277.858 125.976
25 277.866 149.813
25 277.872 167.084
25 277.878 132.855
25 277.886 79.6115
25 277.898 91.0996
25 277.909 38.257
25 277.935 160.798
25 277.942 106.191
25 277.951 103.713
25 277.961 35.8461
25 277.989 73.9919
25 278.002 32.9576
25 278.032 110.889
25 278.041 19.0913
25 278.094 40.8297
25 278.118 183.15
25 278.124 77.9362
25 278.137 219.298
25 278.141 192.79
25 278.146 245.278
25 278.15 224.921
25 278.155 126.984
25 278.163 96.5065
25 278.173 162.048
25 278.179 238.777
25 278.183 224.014
25 278.188 167.588
25 278.194 57.6402
25 278.211 7.55875
25 278.344 150.966
25 278.35 153.468
25 278.357 35.2808
25 278.385 52.2302
25 278.404 197.941
25 278.409 42.0398
25 278.433 6.12452
25 278.596 48.7187
25 278.617 184.98
25 278.622 49.5958
25 278.642 96.4227
25 278.653 1.04552

26 279.62 85.0123
26 279.632 102.722
26 279.642 126.263
26 279.65 150.421
26 279.656 86.8056
26 279.668 151.999
26 279.675 75.2276
26 279.688 66.6933
26 279.703 131.752
26 279.71 225.225
26 279.715 171.556
26 279.721 51.8001
26 279.74 157.978
26 279.746 274.123
26 279.75 85.7118
26 279.762 102.849
26 279.771 52.2302
26 279.791 129.651
26 279.798 155.836
26 279.805 126.024
26 279.813 180.083
26 279.818 167.168
26 279.824 73.7463
26 279.838 155.111
26 279.844 163.239
26 279.85 87.4661
26 279.862 169.463
26 279.868 195.618
26 279.873 134.084
26 279.88 104.232
26 279.89 222.222
26 279.894 230.203
26 279.899 235.905
26 279.903 234.082
26 279.907 265.604
26 279.911 303.859
26 279.914 212.45
26 279.919 205.634
26 279.924 219.01
26 279.928 226.603
26 279.933 329.056
26 279.936 270.343
26 279.939 102.912
26 279.949 158.203
26 279.955 69.604
26 279.97 67.9163
26 279.985 134.084
26 279.992 7.22862
26 280.13 187.793
26 280.136 178.54
26 280.141 221.484
26 280.146 208.986
26 280.151 188.537
26 280.156 169.377
26 280.162 68.32
26 280.176 75.4489
26 280.19 292.398
26 280.193 115.741
26 280.202 118.371
26 280.21 8.96539
26 280.322 224.618
26 280.326 248.571
26 280.33 198.531
26 280.335 173.792
26 280.341 169.981
26 280.347 65.1806
26 280.362 132.802
26 280.37 79.5925
26 280.382 861.326
26 280.383 118.92
26 280.392 30.5979
26 280.425 6.70772
26 280.574 93.6593
26 280.584 1.60347

27 281.243 153.046
27 281.25 5.17285
27 281.443 69.2569
27 281.457 153.046
27 281.464 74.4214
27 281.477 41.1879
27 281.502 7.68775
27 281.632 118.92
27 281.64 85.8222
27 281.652 71.8546
27 281.666 28.1199
27 281.701 203.874
27 281.706 190.585
27 281.711 222.222
27 281.716 188.111
27 281.721 190.803
27 281.726 166.417
27 281.732 177.873
27 281.738 110.412
27 281.747 197.824
27 281.752 143.246
27 281.759 90.2609
27 281.77 126.263
27 281.778 174.703
27 281.784 52.6177
27 281.803 261.438
27 281.807 168.947
27 281.813 53.6942
27 281.831 140.351
27 281.838 183.05
27 281.844 154.107
27 281.85 221.043
27 281.855 302.48
27 281.858 54.0424
27 281.877 198.295
27 281.882 131.596
27 281.889 336.022
27 281.892 337.724
27 281.895 213.129
27 281.9 167.252
27 281.906 100.705
27 281.916 74.14
27 281.929 118.078
27 281.938 112.765
27 281.947 192.012
27 281.952 134.354
27 281.959 100.13
27 281.969 328.731
27 281.972 162.206
27 281.978 242.072
27 281.983 515.198
27 281.985 210.97
27 281.989 369.14
27 281.992 85.2733
27 282.004 113.302
27 282.013 122.459
27 282.021 8.32959
27 282.141 122.324
27 282.149 29.4048
27 282.183 110.375
27 282.192 7.77182
27 282.321 166.667
27 282.327 192.345
27 282.332 277.085
27 282.336 476.872
27 282.338 281.294
27 282.341 212.585
27 282.346 151.93
27 282.352 59.7158
27 282.369 6.6004
27 282.521 69.8666
27 282.535 91.3242
27 282.546 166.917
27 282.552 25.7639
27 282.591 2.04635

28 283.087 193.911
28 283.092 170.155
28 283.098 204.625
28 283.103 106.735
28 283.112 5.84518
28 283.283 62.6331
28 283.299 53.3589
28 283.318 207.426
28 283.323 81.7996
28 283.335 141.723
28 283.342 62.4337
28 283.358 3.62157
28 283.634 77.4653
28 283.647 71.7
28 283.661 90.3832
28 283.672 106.394
28 283.681 76.4
28 283.694 118.92
28 283.703 114.351
28 283.712 50.9139
28 283.731 187.056
28 283.737 65.7851
28 283.752 32.9609
28 283.782 37.6011
28 283.809 50.5051
28 283.828 126.024
28 283.836 55.371
28 283.854 58.0619
28 283.872 452.899
28 283.874 196.194
28 283.879 143.493
28 283.886 113.456
28 283.895 60.9719
28 283.911 153.681
28 283.918 438.596
28 283.92 393.082
28 283.923 66.6267
28 283.938 44.8089
28 283.96 20.8477
28 284.008 55.06
28 284.026 22.304
28 284.071 106.394
28 284.08 51.164
28 284.1 57.0679
28 284.117 86.2218
28 284.129 59.0284
28 284.146 7.8172
28 284.274 178.348
28 284.279 251.193
28 284.283 71.2403
28 284.297 64.6371
28 284.313 963.391
28 284.314 117.744
28 284.322 1.93851

29 285.622 127.372
29 285.63 47.7418
29 285.651 95.5932
29 285.661 190.694
29 285.666 87.7886
29 285.678 36.6461
29 285.705 43.9986
29 285.728 20.6821
29 285.776 38.4734
29 285.802 76.4526
29 285.815 133.227
29 285.823 71.5922
29 285.837 182.849
29 285.842 192.456
29 285.847 154.464
29 285.854 120.904
29 285.862 193.461
29 285.867 151.515
29 285.874 158.73
29 285.88 230.362
29 285.884 154.967
29 285.891 60.2228
29 285.908 65.8501
29 285.923 45.819
29 285.945 107.181
29 285.954 13.4289
29 286.028 98.3574
29 286.039 119.133
29 286.047 169.377
29 286.053 101.937
29 286.063 60.983
29 286.079 87.974
29 286.09 6.97759
29 286.234 159.566
29 286.24 144.676
29 286.247 129.249
29 286.255 23.9843
29 286.296 49.6253
29 286.316 0.743885

30 287.693 39.6165
30 287.718 47.8103
30 287.739 43.1109
30 287.762 73.7953
30 287.776 106.598
30 287.785 12.417
30 287.866 73.8607
30 287.879 96.1723
30 287.89 82.2436
30 287.902 199.84
30 287.907 171.644
30 287.913 125.976
30 287.921 249.128
30 287.925 113.109
30 287.933 468.165
30 287.936 128.849
30 287.943 118.708
30 287.952 81.2216
30 287.964 67.1501
30 287.979 294.464
30 287.982 184.264
30 287.988 45.939
30 288.01 154.107
30 288.016 207.297
30 288.021 183.15
30 288.026 136.949
30 288.034 224.165
30 288.038 87.7193
30 288.049 36.169
30 288.077 50.0275
30 288.097 56.2303
30 288.115 45.1977
30 288.137 40.9249
30 288.161 58.6648
30 288.179 0.872578

31 289.356 60.2555
31 289.372 92.0048
31 289.383 32.076
31 289.414 26.8644
31 289.451 3.42319
31 289.744 64.1396
31 289.759 86.0659
31 289.771 171.556
31 289.777 55.0691
31 289.795 112.347
31 289.804 50.6124
31 289.823 181.455
31 289.829 44.4504
31 289.851 22.9316
31 289.895 212.314
31 289.9 151.446
31 289.906 145.943
31 289.913 52.2057
31 289.932 184.775
31 289.938 329.056
31 289.941 444.444
31 289.943 214.777
31 289.948 214.638
31 289.952 217.581
31 289.957 208.333
31 289.962 152.486
31 289.968 179.019
31 289.974 76.9112
31 289.987 214.5
31 289.992 174.064
31 289.997 129.4
31 290.005 208.855
31 290.01 238.436
31 290.014 199.72
31 290.019 75.4318
31 290.032 120.511
31 290.041 133.976
31 290.048 70.0574
31 290.062 16.5763
31 290.123 0.948808

32 291.192 148.677
32 291.199 60.6502
32 291.216 161.108
32 291.222 222.222
32 291.226 90.7523
32 291.237 5.3563
32 291.424 30.9761
32 291.456 153.398
32 291.463 124.146
32 291.471 144.865
32 291.478 45.996
32 291.5 144.865
32 291.506 197.589
32 291.512 171.116
32 291.517 71.286

