Burst n° Time Inst.Freq.
1 85.3531 213.265
1 85.3577 490.918
1 85.3598 193.911
1 85.3649 53.9462
1 85.3835 124.332
1 85.3915 28.2701
1 85.4269 61.8085
1 85.4431 113.148
1 85.4519 162.364
1 85.4581 44.9721
1 85.4803 762.777
1 85.4816 42.452
1 85.5052 548.246
1 85.507 17.452
1 85.5643 99.98
1 85.5743 117.578
1 85.5828 80.1667
1 85.5953 388.048
1 85.5979 78.4314
1 85.6106 28.1484
1 85.6461 90.8265
1 85.6571 90.7276
1 85.6682 111.445
1 85.6771 819.001
1 85.6784 76.2951
1 85.6915 96.0615
1 85.7019 137.118
1 85.7092 219.877
1 85.7137 49.9975
1 85.7337 33.1214
1 85.7639 123.87
1 85.772 61.3648
1 85.7883 209.512
1 85.7931 236.407
1 85.7973 110.156
1 85.8064 29.5561
1 85.8402 309.789
1 85.8434 110.926
1 85.8524 29.1937
1 85.8867 156.421
1 85.8931 215.193
1 85.8977 91.4746
1 85.9087 147.232
1 85.9155 483.793
1 85.9175 353.482
1 85.9204 71.7
1 85.9343 114.824
1 85.943 99.5917
1 85.953 128.107
1 85.9609 136.5
1 85.9682 60.6171
1 85.9847 60.3427
1 86.0012 44.8813
1 86.0235 62.4805
1 86.0395 7.66213
1 86.17 40.4727
1 86.1948 123.686
1 86.2028 166.667
1 86.2088 1.85806

2 86.8278 7.20036
2 86.9667 64.512
2 86.9822 37.7843
2 87.0086 12.337
2 87.0897 12.6627
2 87.1687 41.6615
2 87.1927 9.69387
2 87.2958 59.8444
2 87.3125 148.28
2 87.3193 141.904
2 87.3263 58.5206
2 87.3434 53.4874
2 87.3621 88.7469
2 87.3734 227.531
2 87.3778 13.3713
2 87.4526 201.167
2 87.4575 82.7541
2 87.4696 196.194
2 87.4747 86.0215
2 87.4863 163.8
2 87.4924 82.2233
2 87.5046 74.3218
2 87.5181 118.329
2 87.5265 89.1981
2 87.5377 70.3235
2 87.5519 134.789
2 87.5594 182.349
2 87.5648 34.9626
2 87.5934 30.0436
2 87.6267 84.0054
2 87.6386 22.3744
2 87.6833 79.6305
2 87.6959 158.353
2 87.7022 97.0685
2 87.7125 74.5712
2 87.7259 64.3998
2 87.7414 90.1876
2 87.7525 879.507
2 87.7537 9.31177
2 87.8611 221.043
2 87.8656 51.6476
2 87.8849 88.2068
2 87.8963 154.679
2 87.9027 76.1209
2 87.9159 989.12
2 87.9169 73.2762
2 87.9305 95.0751
2 87.9411 136.221
2 87.9484 140.885
2 87.9555 8.27171
2 88.0764 32.7214
2 88.1069 40.4531
2 88.1317 63.6011
2 88.1474 1.45753

3 89.0528 6.21496
3 89.2137 7.06979
3 89.3552 54.7615
3 89.3734 179.019
3 89.379 88.6289
3 89.3903 44.7247
3 89.4126 177.683
3 89.4183 21.4929
3 89.4648 69.4879
3 89.4792 32.2935
3 89.5102 20.9776
3 89.5578 59.1541
3 89.5747 62.1659
3 89.5908 144.175
3 89.5978 262.261
3 89.6016 138.427
3 89.6088 165.755
3 89.6148 67.1366
3 89.6297 79.783
3 89.6423 13.7752
3 89.7148 52.5928
3 89.7339 121.036
3 89.7421 64.6872
3 89.7576 25.5702
3 89.7967 49.3974
3 89.8169 58.6235
3 89.834 502.765
3 89.836 100.371
3 89.8459 45.3206
3 89.868 174.52
3 89.8737 805.153
3 89.875 139.821
3 89.8821 97.8091
3 89.8924 61.1958
3 89.9087 158.881
3 89.915 123.229
3 89.9231 12.9159
3 90.0005 23.888
3 90.0424 22.0736
3 90.0877 15.0795
3 90.154 8.56986
3 90.2707 2.12008

4 91.0418 103.199
4 91.0515 126.072
4 91.0594 66.0458
4 91.0745 6.39133
4 91.231 11.8569
4 91.3153 47.6872
4 91.3363 48.9404
4 91.3567 85.955
4 91.3684 124.984
4 91.3764 608.273
4 91.378 46.1744
4 91.3997 49.9002
4 91.4197 85.5359
4 91.4314 93.9232
4 91.4421 43.1332
4 91.4652 41.5679
4 91.4893 70.368
4 91.5035 41.9393
4 91.5274 24.9688
4 91.5674 148.81
4 91.5741 110.963
4 91.5831 41.7293
4 91.6071 137.231
4 91.6144 31.1468
4 91.6465 156.128
4 91.6529 22.5317
4 91.6973 285.388
4 91.7008 102.03
4 91.7106 141.543
4 91.7176 78.376
4 91.7304 82.7952
4 91.7425 198.059
4 91.7475 129.803
4 91.7552 651.042
4 91.7568 103.391
4 91.7664 94.2418
4 91.7771 122.369
4 91.7852 160.256
4 91.7915 75.0244
4 91.8048 120.511
4 91.8131 1038.42
4 91.8141 151.24
4 91.8207 138.427
4 91.8279 161.342
4 91.8341 700.28
4 91.8355 106.975
4 91.8449 21.9616
4 91.8904 66.0066
4 91.9056 10.1843
4 92.0037 153.046
4 92.0103 117.869
4 92.0188 109.577
4 92.0279 133.601
4 92.0354 193.798
4 92.0405 191.902
4 92.0457 12.4867
4 92.1258 15.2179
4 92.1915 45.0816
4 92.2137 47.6667
4 92.2347 2.57492

5 93.237 149.745
5 93.2437 51.784
5 93.263 9.17137
5 93.372 44.1969
5 93.3947 59.673
5 93.4114 37.978
5 93.4378 10.3542
5 93.5343 23.2775
5 93.5773 86.423
5 93.5889 119.005
5 93.5973 103.584
5 93.6069 418.76
5 93.6093 202.511
5 93.6143 72.2752
5 93.6281 36.1533
5 93.6558 171.999
5 93.6616 168.265
5 93.6675 36.1494
5 93.6952 15.2409
5 93.7608 39.3778
5 93.7862 26.8039
5 93.8235 181.455
5 93.829 63.6983
5 93.8447 51.9859
5 93.8639 29.0512
5 93.8984 100.705
5 93.9083 172.087
5 93.9141 265.604
5 93.9179 150.489
5 93.9245 32.2279
5 93.9555 77.7182
5 93.9684 131.752
5 93.976 446.828
5 93.9782 8.82161
5 94.0916 10.9043
5 94.1833 25.0119
5 94.2233 16.9446
5 94.2823 5.78322
5 94.4552 1.55717

6 95.2316 22.4029
6 95.2763 15.6179
6 95.3403 118.455
6 95.3487 178.731
6 95.3543 656.168
6 95.3558 107.147
6 95.3652 222.668
6 95.3697 47.9962
6 95.3905 179.598
6 95.3961 69.2281
6 95.4105 45.0877
6 95.4327 58.9345
6 95.4497 35.8115
6 95.4776 38.5669
6 95.5035 48.1
6 95.5243 57.3033
6 95.5418 893.655
6 95.5429 42.3549
6 95.5665 26.6709
6 95.604 296.56
6 95.6074 35.6163
6 95.6354 64.813
6 95.6509 78.8022
6 95.6636 59.8874
6 95.6803 62.8931
6 95.6962 74.3882
6 95.7096 24.9819
6 95.7496 81.5195
6 95.7619 73.3568
6 95.7755 284.414
6 95.779 52.9353
6 95.7979 156.642
6 95.8043 78.7836
6 95.817 154.25
6 95.8235 80.9651
6 95.8358 56.4876
6 95.8535 138.6
6 95.8608 313.873
6 95.8639 114.39
6 95.8727 19.3934
6 95.9243 44.5038
6 95.9467 39.3685
6 95.9721 101.937
6 95.9819 111.669
6 95.9909 0.751155

7 97.3329 84.7745
7 97.3447 157.604
7 97.3511 69.9692
7 97.3654 12.1164
7 97.4479 73.6648
7 97.4615 339.098
7 97.4644 85.9107
7 97.4761 70.2938
7 97.4903 81.5395
7 97.5026 173.702
7 97.5083 411.015
7 97.5107 19.8389
7 97.5611 149.009
7 97.5679 73.5186
7 97.5815 32.4855
7 97.6122 21.8022
7 97.6581 81.4399
7 97.6704 79.6115
7 97.683 37.2689
7 97.7098 31.5597
7 97.7415 66.6667
7 97.7565 105.219
7 97.766 104.822
7 97.7755 107.319
7 97.7848 166.583
7 97.7908 158.881
7 97.7971 581.734
7 97.7988 57.1951
7 97.8163 8.58288
7 97.9328 129.752
7 97.9406 24.8385
7 97.9808 64.1272
7 97.9964 116.713
7 98.005 51.023
7 98.0246 85.6238
7 98.0362 0.754255

8 99.3935 63.6618
8 99.4092 42.1888
8 99.4329 54.7166
8 99.4512 117.33
8 99.4597 125.266
8 99.4677 72.2439
8 99.4815 439.174
8 99.4838 186.22
8 99.4892 552.792
8 99.491 45.901
8 99.5127 53.7721
8 99.5313 47.7623
8 99.5523 200.682
8 99.5573 140.885
8 99.5644 258.799
8 99.5682 111.408
8 99.5772 69.4734
8 99.5916 40.3161
8 99.6164 114.116
8 99.6252 190.15
8 99.6304 81.1622
8 99.6427 39.4992
8 99.6681 42.7022
8 99.6915 71.9321
8 99.7054 184.162
8 99.7108 125.031
8 99.7188 153.398
8 99.7253 439.174
8 99.7276 59.6196
8 99.7444 223.714
8 99.7488 118.582
8 99.7573 50.8828
8 99.7769 45.9643
8 99.7987 61.1396
8 99.815 111.074
8 99.824 332.668
8 99.8271 38.4335
8 99.8531 99.3542
8 99.8631 72.197
8 99.877 34.8712
8 99.9057 13.3659
8 99.9805 32.3123
8 100.011 26.7158
8 100.049 108.861
8 100.058 96.0338
8 100.068 131.337
8 100.076 78.9515
8 100.089 76.646
8 100.102 259.202
8 100.106 91.4997
8 100.117 0.808655

9 101.365 41.2797
9 101.39 408.998
9 101.392 72.0409
9 101.406 279.408
9 101.409 254.453
9 101.413 267.738
9 101.417 65.0026
9 101.433 75.1258
9 101.446 47.0544
9 101.467 86.4902
9 101.479 16.1797
9 101.54 48.2672
9 101.561 119.732
9 101.57 252.143
9 101.573 48.1417
9 101.594 464.253
9 101.596 30.0463
9 101.63 52.776
9 101.649 98.6485
9 101.659 53.9462
9 101.677 31.1119
9 101.709 128.65
9 101.717 200.2
9 101.722 113.34
9 101.731 29.5613
9 101.765 121.124
9 101.773 35.9002
9 101.801 197.589
9 101.806 171.028
9 101.812 29.3556
9 101.846 114.824
9 101.855 37.9305
9 101.881 212.993
9 101.886 96.9274
9 101.896 242.777
9 101.9 372.024
9 101.903 52.51
9 101.922 246.914
9 101.926 275.255
9 101.93 223.864
9 101.934 174.886
9 101.94 48.0723
9 101.961 15.4342
9 102.025 12.7285
9 102.104 45.4194
9 102.126 87.604
9 102.137 35.307
9 102.166 4.29194
9 102.399 1.78157

10 103.045 749.064
10 103.046 19.6032
10 103.097 9.40982
10 103.203 19.6819
10 103.254 151.791
10 103.261 21.5054
10 103.307 18.6919
10 103.361 180.278
10 103.366 52.0346
10 103.386 67.2179
10 103.4 119.218
10 103.409 61.546
10 103.425 30.068
10 103.458 52.9101
10 103.477 56.164
10 103.495 153.752
10 103.502 171.116
10 103.507 1061.57
10 103.508 42.1354
10 103.532 42.6858
10 103.555 236.911
10 103.56 142.939
10 103.567 131.544
10 103.574 55.3986
10 103.592 146.391
10 103.599 37.6605
10 103.626 157.754
10 103.632 92.1574
10 103.643 60.529
10 103.659 81.5195
10 103.672 258.198
10 103.676 83.71
10 103.688 56.6123
10 103.705 162.602
10 103.711 142.694
10 103.718 79.1202
10 103.731 84.9257
10 103.743 42.3496
10 103.766 35.0214
10 103.795 113.804
10 103.804 786.164
10 103.805 28.108
10 103.841 26.5901
10 103.878 81.9807
10 103.89 116.877
10 103.899 135.227
10 103.906 211.64
10 103.911 156.128
10 103.917 132.908
10 103.925 193.798
10 103.93 87.3973
10 103.942 75.5515
10 103.955 284.414
10 103.958 49.6845
10 103.978 126.358
10 103.986 0.0117878

11 188.886 27.2442
11 188.922 13.3815
11 188.997 317.158
11 189 17.5429
11 189.057 228.938
11 189.062 68.9988
11 189.076 15.6701
11 189.14 48.84
11 189.16 41.5524
11 189.184 26.109
11 189.223 32.0513
11 189.254 703.235
11 189.255 20.0116
11 189.305 291.63
11 189.309 51.4086
11 189.328 185.805
11 189.334 63.6132
11 189.349 85.4044
11 189.361 88.0902
11 189.372 1028.81
11 189.373 176.554
11 189.379 179.888
11 189.385 95.3743
11 189.395 274.801
11 189.399 83.2293
11 189.411 114.39
11 189.419 184.775
11 189.425 115.221
11 189.434 128.551
11 189.441 28.2654
11 189.477 1035.2
11 189.478 175.623
11 189.483 76.558
11 189.496 113.804
11 189.505 116.877
11 189.514 286.862
11 189.517 194.59
11 189.522 194.704
11 189.527 151.035
11 189.534 171.116
11 189.54 60.1034
11 189.557 10.2495
11 189.654 80.8081
11 189.667 234.412
11 189.671 13.303
11 189.746 125.031
11 189.754 61.8429
11 189.77 101.906
11 189.78 161.186
11 189.786 448.029
11 189.788 180.668
11 189.794 176.741
11 189.8 56.6316
11 189.817 1.00108

12 190.822 108.79
12 190.831 59.1856
12 190.848 5.4592
12 191.031 186.116
12 191.036 26.9513
12 191.074 108.436
12 191.083 43.6529
12 191.106 13.5888
12 191.179 32.6894
12 191.21 5.55121
12 191.39 12.1877
12 191.472 94.1088
12 191.483 58.6338
12 191.5 174.338
12 191.506 132.328
12 191.513 186.846
12 191.518 129.651
12 191.526 91.6758
12 191.537 172.444
12 191.543 362.713
12 191.546 215.889
12 191.55 126.072
12 191.558 644.745
12 191.56 215.471
12 191.564 277.778
12 191.568 122.549
12 191.576 99.0001
12 191.586 3.36996
12 191.883 4.38533
12 192.111 25.6036
12 192.15 966.184
12 192.151 193.686
12 192.156 879.507
12 192.157 94.4555
12 192.168 154.895
12 192.174 72.1657
12 192.188 153.681
12 192.195 97.2101
12 192.205 272.554
12 192.209 190.694
12 192.214 1.33658

13 192.979 896.057
13 192.98 204.374
13 192.985 99.3838
13 192.995 50.1027
13 193.015 114.626
13 193.023 137.287
13 193.031 6.71921
13 193.179 198.649
13 193.185 99.6214
13 193.195 131.182
13 193.202 539.374
13 193.204 53.0026
13 193.223 86.3782
13 193.234 67.3129
13 193.249 30.0327
13 193.283 69.1994
13 193.297 33.7929
13 193.327 78.7278
13 193.339 49.9301
13 193.359 140.647
13 193.366 441.501
13 193.369 41.5939
13 193.393 49.0412
13 193.413 304.414
13 193.416 68.306
13 193.431 57.3723
13 193.449 251.572
13 193.453 144.739
13 193.459 44.4148
13 193.482 122.234
13 193.49 121.477
13 193.498 82.0412
13 193.511 114.469
13 193.519 833.333
13 193.52 189.609
13 193.526 74.9064
13 193.539 653.595
13 193.541 119.818
13 193.549 126.839
13 193.557 162.048
13 193.563 113.225
13 193.572 6.56569
13 193.724 487.329
13 193.726 124.891
13 193.734 209.776
13 193.739 31.293
13 193.771 68.1942
13 193.786 131.909
13 193.793 176.274
13 193.799 5.84744
13 193.97 135.722
13 193.977 45.1488
13 193.999 38.6922
13 194.025 64.6747
13 194.041 147.885
13 194.047 55.6112
13 194.065 175.809
13 194.071 1.6318

14 194.707 7.35105
14 194.843 34.8821
14 194.871 356.506
14 194.874 69.0417
14 194.889 153.539
14 194.895 197.707
14 194.9 23.0633
14 194.944 89.4855
14 194.955 8.16533
14 195.077 47.1076
14 195.098 131.857
14 195.106 432.9
14 195.108 64.9519
14 195.124 60.8495
14 195.14 133.869
14 195.148 13.4111
14 195.222 99.1179
14 195.232 36.5657
14 195.26 317.46
14 195.263 52.5597
14 195.282 213.129
14 195.287 64.4621
14 195.302 45.8947
14 195.324 142.268
14 195.331 189.934
14 195.336 48.2672
14 195.357 87.7886
14 195.368 96.8148
14 195.379 50.0877
14 195.399 154.464
14 195.405 13.3291
14 195.48 35.5935
14 195.508 149.678
14 195.515 26.8428
14 195.552 662.691
14 195.554 178.827
14 195.559 85.0991
14 195.571 79.9169
14 195.583 82.0614
14 195.596 52.9773
14 195.614 51.4562
14 195.634 133.227
14 195.641 205.508
14 195.646 237.248
14 195.65 81.281
14 195.663 116.591
14 195.671 8.99127
14 195.783 62.692
14 195.799 172.087
14 195.804 35.9738
14 195.832 130.719
14 195.84 175.531
14 195.845 139.938
14 195.853 782.473
14 195.854 49.3243
14 195.874 114.351
14 195.883 0.962676

15 196.969 11.6043
15 197.055 436.872
15 197.057 15.3046
15 197.122 21.0358
15 197.17 266.028
15 197.174 157.381
15 197.18 127.226
15 197.188 162.681
15 197.194 120.598
15 197.202 39.0549
15 197.228 550.964
15 197.23 135.391
15 197.237 51.4801
15 197.257 22.0531
15 197.302 68.264
15 197.317 69.5459
15 197.331 122.911
15 197.339 65.5008
15 197.354 764.526
15 197.356 64.587
15 197.371 195.16
15 197.376 723.066
15 197.378 116.185
15 197.386 185.805
15 197.392 93.2401
15 197.402 11.6015
15 197.489 54.5643
15 197.507 17.5577
15 197.564 49.0052
15 197.584 27.5915
15 197.62 13.3906
15 197.695 18.6626
15 197.749 64.3625
15 197.764 55.9942
15 197.782 111.408
15 197.791 397.772
15 197.794 94.5626
15 197.804 19.7695
15 197.855 1.29844

16 198.632 96.9838
16 198.642 40.1994
16 198.667 66.9748
16 198.682 55.1876
16 198.7 500.501
16 198.702 169.549
16 198.708 23.3133
16 198.751 50.2917
16 198.771 86.2441
16 198.782 118.708
16 198.791 3.77245
16 199.056 25.0231
16 199.096 118.582
16 199.104 88.5112
16 199.116 47.5647
16 199.137 94.8047
16 199.147 84.6668
16 199.159 105.485
16 199.169 70.4424
16 199.183 251.572
16 199.187 485.201
16 199.189 93.3184
16 199.199 74.5212
16 199.213 42.8725
16 199.236 356.125
16 199.239 90.8513
16 199.25 161.812
16 199.256 358.423
16 199.259 95.9785
16 199.269 49.4854
16 199.29 134.844
16 199.297 102.501
16 199.307 36.4817
16 199.334 23.3133
16 199.377 938.967
16 199.378 175.346
16 199.384 67.5174
16 199.399 316.556
16 199.402 226.757
16 199.406 58.924
16 199.423 133.067
16 199.431 188.324
16 199.436 28.7356
16 199.471 61.7856
16 199.487 22.6372
16 199.531 68.6295
16 199.546 104.822
16 199.555 23.116
16 199.599 151.24
16 199.605 178.063
16 199.611 29.3169
16 199.645 122.73
16 199.653 153.257
16 199.66 172.98
16 199.665 153.539
16 199.672 231.965
16 199.676 219.298
16 199.681 158.655
16 199.687 226.142
16 199.691 102.849
16 199.701 132.538
16 199.709 13.5794
16 199.782 6.94054
16 199.926 161.186
16 199.933 138.37
16 199.94 146.714
16 199.947 224.014
16 199.951 78.284
16 199.964 1035.2
16 199.965 93.791
16 199.976 56.478
16 199.993 228.781
16 199.998 676.133
16 199.999 141.904
16 200.006 154.392
16 200.013 221.779
16 200.017 1.14799

17 200.9 428.449
17 200.903 234.247
17 200.907 97.58
17 200.917 170.94
17 200.923 60.4851
17 200.94 186.532
17 200.945 77.1248
17 200.958 181.061
17 200.963 25.6213
17 201.002 23.3508
17 201.045 39.968
17 201.07 335.008
17 201.073 423.549
17 201.076 20.7581
17 201.124 169.808
17 201.13 112.158
17 201.139 180.571
17 201.144 172.176
17 201.15 65.6685
17 201.165 274.348
17 201.169 90.2364
17 201.18 674.764
17 201.181 55.919
17 201.199 113.804
17 201.208 48.8472
17 201.228 202.265
17 201.233 116.225
17 201.242 69.056
17 201.257 485.201
17 201.259 102.312
17 201.268 37.2398
17 201.295 44.0742
17 201.318 43.1276
17 201.341 92.3873
17 201.352 45.1427
17 201.374 27.4145
17 201.411 173.611
17 201.416 24.4361
17 201.457 100.07
17 201.467 51.6956
17 201.487 99.2063
17 201.497 45.6621
17 201.519 100.735
17 201.528 138.715
17 201.536 389.864
17 201.538 154.895
17 201.545 97.6944
17 201.555 71.0884
17 201.569 188.43
17 201.574 39.1099
17 201.6 49.434
17 201.62 12.9154
17 201.698 43.9522
17 201.72 96.9556
17 201.731 48.0792
17 201.751 41.9234
17 201.775 83.5003
17 201.787 69.3001
17 201.802 28.6172
17 201.837 11.7433
17 201.922 18.401
17 201.976 1.39594

18 202.714 6.39795
18 202.87 48.0446
18 202.891 107.596
18 202.9 17.739
18 202.957 15.3737
18 203.022 47.5172
18 203.043 173.883
18 203.048 38.7372
18 203.074 266.454
18 203.078 165.344
18 203.084 79.9552
18 203.096 577.701
18 203.098 120.773
18 203.106 271.003
18 203.11 81.0438
18 203.123 66.3218
18 203.138 228.467
18 203.142 16.7051
18 203.202 24.5857
18 203.243 38.5267
18 203.268 42.9332
18 203.292 361.533
18 203.295 82.8363
18 203.307 303.859
18 203.31 26.476
18 203.348 124.611
18 203.356 195.274
18 203.361 169.722
18 203.367 112.613
18 203.376 42.6476
18 203.399 15.9535
18 203.462 29.3531
18 203.496 104.069
18 203.505 34.7078
18 203.534 138.141
18 203.541 201.288
18 203.546 125.313
18 203.554 79.6686
18 203.567 140.825
18 203.574 75.9648
18 203.587 83.9631
18 203.599 84.6883
18 203.611 206.398
18 203.616 6.56853
18 203.768 208.333
18 203.773 35.8577
18 203.801 513.611
18 203.803 152.975
18 203.809 141.183
18 203.816 90.9256
18 203.827 223.414
18 203.832 152.068
18 203.838 74.8391
18 203.852 1.09511

19 204.795 147.427
19 204.802 60.6833
19 204.818 28.4511
19 204.853 16.219
19 204.915 36.739
19 204.942 16.1077
19 205.004 13.998
19 205.076 113.263
19 205.085 26.0681
19 205.123 146.972
19 205.13 231.642
19 205.134 26.4529
19 205.172 22.9174
19 205.215 35.0582
19 205.244 69.735
19 205.258 118.835
19 205.267 153.186
19 205.273 135.062
19 205.281 42.983
19 205.304 52.5017
19 205.323 28.4051
19 205.358 16.6127
19 205.418 102.627
19 205.428 38.3186
19 205.454 33.1675
19 205.484 146.585
19 205.491 70.368
19 205.505 137.969
19 205.513 228.154
19 205.517 949.668
19 205.518 92.5669
19 205.529 137.457
19 205.536 134.844
19 205.544 8.511
19 205.661 92.0048
19 205.672 187.266
19 205.677 158.957
19 205.684 157.679
19 205.69 97.352
19 205.7 110.302
19 205.709 104.921
19 205.719 92.5155
19 205.73 45.5311
19 205.752 0.766132

20 207.086 35.1469
20 207.115 50.005
20 207.135 19.8768
20 207.185 135.943
20 207.192 67.9717
20 207.207 175.162
20 207.213 57.205
20 207.23 96.4227
20 207.241 51.6876
20 207.26 15.8806
20 207.323 53.1802
20 207.342 61.8429
20 207.358 27.374
20 207.394 72.1345
20 207.408 79.5165
20 207.421 20.8855
20 207.469 91.2492
20 207.48 11.1696
20 207.569 66.507
20 207.584 15.6406
20 207.648 22.9268
20 207.692 43.8596
20 207.715 135.777
20 207.722 7.39197
20 207.857 32.438
20 207.888 34.4531
20 207.917 164.772
20 207.923 34.8748
20 207.952 8.48457
20 208.07 0.0155465

21 272.4 29.8178
21 272.434 8.28199
21 272.554 33.8203
21 272.584 125.455
21 272.592 133.976
21 272.599 933.707
21 272.6 186.116
21 272.606 165.426
21 272.612 141.543
21 272.619 76.2951
21 272.632 45.8379
21 272.654 98.5028
21 272.664 123.047
21 272.672 61.7513
21 272.688 26.8492
21 272.726 35.1989
21 272.754 37.7544
21 272.78 92.8247
21 272.791 46.5095
21 272.813 45.7687
21 272.835 57.9206
21 272.852 35.025
21 272.88 219.732
21 272.885 76.7342
21 272.898 187.899
21 272.903 174.064
21 272.909 123.092
21 272.917 325.521
21 272.92 128.849
21 272.928 219.01
21 272.933 456.621
21 272.935 96.6184
21 272.945 184.468
21 272.95 82.8569
21 272.963 175.07
21 272.968 153.965
21 272.975 132.696
21 272.982 168.606
21 272.988 180.865
21 272.994 220.604
21 272.998 262.467
21 273.002 33.3767
21 273.032 138.831
21 273.039 99.4431
21 273.049 51.3373
21 273.069 0.695235

22 274.582 372.856
22 274.585 116.387
22 274.593 52.6343
22 274.612 16.3639
22 274.674 113.148
22 274.682 10.5033
22 274.778 175.162
22 274.783 29.9976
22 274.817 16.2348
22 274.878 78.7836
22 274.891 570.776
22 274.893 131.389
22 274.9 22.3669
22 274.945 93.7647
22 274.956 221.043
22 274.96 545.554
22 274.962 270.343
22 274.966 177.494
22 274.971 46.9682
22 274.993 138.198
22 275 7.15231
22 275.14 36.169
22 275.167 10.7569
22 275.26 45.4071
22 275.282 87.7655
22 275.294 34.2724
22 275.323 3.21307

23 276.468 29.2629
23 276.502 12.6796
23 276.581 53.2141
23 276.6 138.773
23 276.607 24.5604
23 276.648 9.02853
23 276.758 11.918
23 276.842 222.37
23 276.847 110.302
23 276.856 115.942
23 276.865 97.2668
23 276.875 112.461
23 276.884 63.3232
23 276.9 145.624
23 276.906 85.0123
23 276.918 75.6544
23 276.931 146.714
23 276.938 163.8
23 276.944 17.4905
23 277.001 130.873
23 277.009 22.4135
23 277.054 6.04237
23 277.219 40.5811
23 277.244 156.348
23 277.25 49.2878
23 277.271 4.40399
23 277.498 15.5364
23 277.562 156.421
23 277.568 161.108
23 277.575 40.4924
23 277.599 56.2873
23 277.617 68.2082
23 277.632 267.953
23 277.635 49.1135
23 277.656 10.0614
23 277.755 34.0275
23 277.785 2.18807

24 278.258 73.779
24 278.272 9.59398
24 278.376 13.3413
24 278.451 244.021
24 278.455 66.1507
24 278.47 70.9069
24 278.484 52.2057
24 278.503 199.601
24 278.508 33.6939
24 278.538 10.1366
24 278.637 17.7456
24 278.693 123.732
24 278.701 421.408
24 278.703 81.7595
24 278.716 120.38
24 278.724 69.4444
24 278.738 101.906
24 278.748 100.492
24 278.758 201.654
24 278.763 35.2175
24 278.791 128.502
24 278.799 977.517
24 278.8 48.8043
24 278.821 11.278
24 278.909 8.567
24 279.026 111.037
24 279.035 678.887
24 279.037 167.168
24 279.043 201.776
24 279.048 80.8473
24 279.06 138.141
24 279.067 126.887
24 279.075 126.646
24 279.083 900.901
24 279.084 207.555
24 279.089 168.776
24 279.095 101.657
24 279.105 72.6533
24 279.118 83.2917
24 279.13 8.43412
24 279.249 1.01872

25 280.246 5.16188
25 280.44 262.881
25 280.444 130.259
25 280.452 349.406
25 280.454 19.1847
25 280.507 67.7094
25 280.521 13.0061
25 280.598 21.9833
25 280.644 50.2462
25 280.664 28.4075
25 280.699 51.1876
25 280.718 296.56
25 280.722 206.016
25 280.727 75.0413
25 280.74 183.251
25 280.745 73.8934
25 280.759 132.433
25 280.766 40.4826
25 280.791 84.1963
25 280.803 301.386
25 280.806 20.879
25 280.854 104.855
25 280.864 140.056
25 280.871 710.732
25 280.872 119.517
25 280.881 74.0412
25 280.894 271.665
25 280.898 39.5977
25 280.923 52.3862
25 280.942 35.5745
25 280.97 81.103
25 280.983 84.538
25 280.994 117.165
25 281.003 50.9372
25 281.023 44.617
25 281.045 351.247
25 281.048 301.932
25 281.051 167.084
25 281.057 177.305
25 281.063 49.3243
25 281.083 94.2951
25 281.094 40.94
25 281.118 189.934
25 281.123 55.1055
25 281.142 5.56567
25 281.321 150.966
25 281.328 87.8349
25 281.339 203.625
25 281.344 113.34
25 281.353 1.17126

26 282.245 7.29411
26 282.382 123.686
26 282.39 62.8338
26 282.406 74.4048
26 282.419 354.233
26 282.422 98.5319
26 282.432 64.6496
26 282.448 38.959
26 282.474 7.55036
26 282.606 196.773
26 282.611 164.772
26 282.617 142.633
26 282.624 680.272
26 282.626 128.8
26 282.633 105.887
26 282.643 70.2938
26 282.657 90.0414
26 282.668 424.628
26 282.671 248.571
26 282.675 14.3412
26 282.744 23.0123
26 282.788 118.161
26 282.796 48.7686
26 282.817 72.7802
26 282.83 165.262
26 282.837 14.0879
26 282.907 84.4951
26 282.919 71.7463
26 282.933 320.513
26 282.936 96.1723
26 282.947 125.929
26 282.955 62.2937
26 282.971 159.033
26 282.977 128.057
26 282.985 57.8202
26 283.002 110.558
26 283.011 9.24155
26 283.119 53.7721
26 283.138 33.728
26 283.168 101.533
26 283.178 198.177
26 283.183 128.8
26 283.19 277.778
26 283.194 90.2609
26 283.205 1016.26
26 283.206 119.346
26 283.214 90.2853
26 283.225 72.2282
26 283.239 5.38599
26 283.425 1.28782

27 284.207 6.81023
27 284.354 65.2571
27 284.37 32.2061
27 284.401 148.28
27 284.407 24.5549
27 284.448 11.2746
27 284.537 67.6544
27 284.552 113.882
27 284.56 66.9075
27 284.575 163.319
27 284.581 315.358
27 284.585 62.9525
27 284.6 74.2721
27 284.614 125.834
27 284.622 40.9903
27 284.646 132.696
27 284.654 25.5781
27 284.693 28.9302
27 284.727 146.327
27 284.734 46.2257
27 284.756 129.651
27 284.764 27.8056
27 284.8 120.992
27 284.808 55.2334
27 284.826 50.4974
27 284.846 64.9013
27 284.861 44.8813
27 284.883 106.326
27 284.893 62.6331
27 284.909 72.0565
27 284.923 33.7382
27 284.952 97.6658
27 284.963 17.1212
27 285.021 27.1356
27 285.058 136.11
27 285.065 62.9168
27 285.081 16.0705
27 285.143 41.0155
27 285.168 13.6803
27 285.241 17.4886
27 285.298 43.0775
27 285.321 8.34648
27 285.441 10.5149
27 285.536 1.72113

28 286.129 78.3945
28 286.142 3.87115
28 286.4 57.205
28 286.418 34.4673
28 286.447 31.6977
28 286.478 8.74776
28 286.593 35.8539
28 286.62 215.332
28 286.625 65.6556
28 286.64 202.634
28 286.645 279.877
28 286.649 288.85
28 286.652 121.61
28 286.66 59.3225
28 286.677 323.939
28 286.68 51.8162
28 286.7 24.8923
28 286.74 31.3725
28 286.772 46.4576
28 286.793 14.9263
28 286.86 117.041
28 286.869 58.7682
28 286.886 823.045
28 286.887 75.5687
28 286.9 26.3421
28 286.938 109.685
28 286.947 209.38
28 286.952 130.361
28 286.96 19.6657
28 287.011 9.13542
28 287.12 163.639
28 287.126 37.9478
28 287.153 62.1427
28 287.169 92.5412
28 287.18 41.3411
28 287.204 50.574
28 287.223 133.601
28 287.231 107.91
28 287.24 2.5531

29 288.636 255.037
29 288.64 29.8739
29 288.674 22.9632
29 288.717 56.3825
29 288.735 18.7529
29 288.788 85.1644
29 288.8 998.004
29 288.801 29.135
29 288.835 14.2383
29 288.906 51.2426
29 288.925 50.4363
29 288.945 71.7463
29 288.959 43.9986
29 288.982 59.6837
29 288.998 11.8772
29 289.083 36.3029
29 289.11 109.649
29 289.119 158.73
29 289.125 199.72
29 289.131 103.907
29 289.14 52.6427
29 289.159 21.1345
29 289.206 4.69761
29 289.419 7.49569
29 289.553 86.5351
29 289.564 107.84
29 289.574 106.803
29 289.583 124.797
29 289.591 226.142
29 289.595 201.898
29 289.6 213.129
29 289.605 43.3802
29 289.628 134.03
29 289.636 282.965
29 289.639 404.531
29 289.642 213.265
29 289.646 186.428
29 289.652 134.571
29 289.659 87.9972
29 289.67 91.2992
29 289.681 1.87044

30 290.239 87.3286
30 290.251 129.049
30 290.258 21.3812
30 290.305 23.2986
30 290.348 25.3177
30 290.387 13.5667
30 290.461 14.5879
30 290.53 16.597
30 290.59 57.7801
30 290.607 48.4567
30 290.628 44.4919
30 290.65 121.168
30 290.659 51.0465
30 290.678 46.1233
30 290.7 80.0512
30 290.712 55.9097
30 290.73 68.9417
30 290.745 23.0457
30 290.788 35.3482
30 290.817 14.9995
30 290.883 14.9799
30 290.95 28.8875
30 290.985 61.7398
30 291.001 156.128
30 291.007 49.1787
30 291.027 181.258
30 291.033 41.3668
30 291.057 33.7998
30 291.087 152.416
30 291.093 100.492
30 291.103 6.10031
30 291.267 41.4542
30 291.291 91.3993
30 291.302 190.585
30 291.308 161.734
30 291.314 56.6797
30 291.331 152.625

