Burst n° Time Inst.Freq.
1 85.5016 68.5589
1 85.5162 7.74869
1 85.6453 58.0316
1 85.6625 35.9157
1 85.6904 161.577
1 85.6965 197.472
1 85.7016 28.6467
1 85.7365 173.883
1 85.7423 194.704
1 85.7474 93.633
1 85.7581 223.414
1 85.7626 7.43799
1 85.897 228.624
1 85.9014 255.037
1 85.9053 243.309
1 85.9094 217.297
1 85.914 73.47
1 85.9276 62.3403
1 85.9437 88.6997
1 85.9549 148.61
1 85.9617 182.349
1 85.9672 66.3614
1 85.9822 187.477
1 85.9876 136.893
1 85.9949 81.4001
1 86.0071 89.4374
1 86.0183 95.7854
1 86.0288 593.12
1 86.0305 156.495
1 86.0368 50.3525
1 86.0567 8.59793
1 86.173 107.91
1 86.1823 40.3698
1 86.207 17.8981
1 86.2629 11.3549
1 86.351 26.9295
1 86.3881 1.61203

2 87.013 6.69398
2 87.1624 77.682
2 87.1753 215.61
2 87.1799 122.369
2 87.1881 115.54
2 87.1967 32.3876
2 87.2276 12.3819
2 87.3084 181.851
2 87.3139 31.5597
2 87.3456 186.428
2 87.3509 113.071
2 87.3598 112.918
2 87.3686 67.5858
2 87.3834 580.72
2 87.3851 85.3388
2 87.3969 12.8785
2 87.4745 59.1436
2 87.4914 300.842
2 87.4947 537.634
2 87.4966 247.831
2 87.5006 123.548
2 87.5087 49.5148
2 87.5289 175.07
2 87.5346 143.864
2 87.5416 879.507
2 87.5427 135.612
2 87.5501 53.2822
2 87.5689 118.287
2 87.5773 40.6009
2 87.602 37.386
2 87.6287 23.5788
2 87.6711 38.117
2 87.6974 220.459
2 87.7019 139.353
2 87.7091 81.4598
2 87.7213 140.706
2 87.7284 149.611
2 87.7351 74.4214
2 87.7486 78.1739
2 87.7614 120.773
2 87.7696 147.427
2 87.7764 83.1878
2 87.7884 9.98153
2 87.8886 58.0215
2 87.9059 113.109
2 87.9147 217.297
2 87.9193 172.444
2 87.9251 230.681
2 87.9294 192.678
2 87.9346 62.9406
2 87.9505 58.0518
2 87.9677 69.0703
2 87.9822 6.44945
2 88.1373 93.9761
2 88.1479 20.1617
2 88.1975 1.21921

3 89.0653 115.62
3 89.074 104.921
3 89.0835 7.16384
3 89.2231 187.688
3 89.2284 20.793
3 89.2765 8.75971
3 89.3907 986.193
3 89.3917 269.469
3 89.3954 195.848
3 89.4005 94.8047
3 89.4111 179.115
3 89.4167 165.59
3 89.4227 144.113
3 89.4296 30.8214
3 89.4621 84.9907
3 89.4738 131.804
3 89.4814 45.8568
3 89.5032 8.9265
3 89.6153 65.5781
3 89.6305 41.934
3 89.6544 138.026
3 89.6616 132.855
3 89.6691 399.68
3 89.6716 21.7979
3 89.7175 55.4447
3 89.7356 29.9088
3 89.769 115.821
3 89.7776 18.889
3 89.8306 74.7384
3 89.8439 213.95
3 89.8486 379.651
3 89.8512 177.211
3 89.8569 167.673
3 89.8629 81.1227
3 89.8752 217.014
3 89.8798 171.91
3 89.8856 157.978
3 89.8919 185.805
3 89.8973 69.633
3 89.9117 171.292
3 89.9175 158.655
3 89.9238 93.3445
3 89.9345 8.75649
3 90.0487 35.1766
3 90.0772 49.9002
3 90.0972 146.391
3 90.104 1.03466

4 91.082 131.13
4 91.0896 85.2515
4 91.1013 35.877
4 91.1292 16.4837
4 91.1899 28.9981
4 91.2243 5.85391
4 91.3952 68.0828
4 91.4099 41.0458
4 91.4342 23.9172
4 91.476 28.0962
4 91.5116 30.3141
4 91.5446 51.4483
4 91.5641 82.713
4 91.5761 10.6377
4 91.6701 68.573
4 91.6847 87.8117
4 91.6961 143.493
4 91.7031 872.6
4 91.7042 67.8748
4 91.719 95.9509
4 91.7294 168.776
4 91.7353 38.4113
4 91.7613 176.929
4 91.767 197.122
4 91.7721 83.668
4 91.784 220.167
4 91.7886 212.993
4 91.7933 102.849
4 91.803 145.815
4 91.8098 37.9954
4 91.8362 119.218
4 91.8445 144.928
4 91.8514 16.8019
4 91.911 11.3921
4 91.9987 170.329
4 92.0046 146.327
4 92.0114 155.836
4 92.0179 140.588
4 92.025 196.541
4 92.0301 118.497
4 92.0385 9.42258
4 92.1446 19.3125
4 92.1964 60.518
4 92.2129 60.9942
4 92.2293 113.148
4 92.2382 1.21287

5 93.0705 168.691
5 93.0764 138.831
5 93.0836 7.47083
5 93.2175 197.122
5 93.2225 64.3749
5 93.2381 95.0751
5 93.2486 8.19645
5 93.3706 36.3782
5 93.3981 141.303
5 93.4052 84.9907
5 93.4169 47.6667
5 93.4379 118.92
5 93.4463 77.0001
5 93.4593 197.239
5 93.4644 30.6654
5 93.497 7.45012
5 93.6312 65.5136
5 93.6465 63.1912
5 93.6623 35.9816
5 93.6901 88.9838
5 93.7013 27.5824
5 93.7376 61.3648
5 93.7539 186.428
5 93.7592 50.6432
5 93.779 16.66
5 93.839 17.6572
5 93.8956 41.8918
5 93.9195 153.822
5 93.926 203.874
5 93.9309 88.2301
5 93.9423 211.909
5 93.947 218.293
5 93.9516 146.972
5 93.9584 141.363
5 93.9654 157.085
5 93.9718 0.909184

6 95.1309 122.234
6 95.1391 84.2602
6 95.1509 126.936
6 95.1588 153.186
6 95.1653 120.467
6 95.1736 12.944
6 95.2509 16.6259
6 95.311 9.27136
6 95.4189 19.2045
6 95.471 15.9124
6 95.5338 39.064
6 95.5594 110.084
6 95.5685 34.5495
6 95.5974 5.1084
6 95.7932 81.0241
6 95.8055 8.55952
6 95.9224 93.4754
6 95.9331 83.5841
6 95.945 152.068
6 95.9516 133.761
6 95.9591 83.0634
6 95.9711 112.613
6 95.98 156.055
6 95.9864 175.254
6 95.9921 156.863
6 95.9985 144.676
6 96.0054 132.223
6 96.013 156.421
6 96.0194 7.26612
6 96.157 56.9022
6 96.1746 60.2119
6 96.1912 180.18
6 96.1967 117.33
6 96.2052 122.594
6 96.2134 203.376
6 96.2183 656.168
6 96.2198 93.9496
6 96.2305 49.9301
6 96.2505 1.27998

7 97.0372 68.9275
7 97.0517 8.71186
7 97.1665 13.5111
7 97.2405 5.00591
7 97.4403 22.8734
7 97.484 18.5608
7 97.5379 131.079
7 97.5455 73.616
7 97.5591 15.0768
7 97.6254 21.966
7 97.6709 13.575
7 97.7446 36.2476
7 97.7722 74.14
7 97.7857 89.1504
7 97.7969 56.4589
7 97.8146 90.1144
7 97.8257 125.031
7 97.8337 116.591
7 97.8423 42.1674
7 97.866 11.6063
7 97.9521 6.72694
7 98.1008 0.99959

8 99.1385 18.5401
8 99.1925 73.2601
8 99.2061 10.5206
8 99.3012 5.85617
8 99.4719 153.398
8 99.4784 21.9558
8 99.524 122.055
8 99.5322 15.8113
8 99.5954 84.1326
8 99.6073 9.36067
8 99.7142 24.9464
8 99.7542 47.8309
8 99.7751 116.509
8 99.7837 102.881
8 99.7934 174.795
8 99.7992 183.756
8 99.8046 111.932
8 99.8135 649.773
8 99.8151 168.265
8 99.821 268.601
8 99.8247 408.998
8 99.8272 217.014
8 99.8318 30.2783
8 99.8648 122.82
8 99.873 74.7552
8 99.8863 142.572
8 99.8934 6.15984
8 100.056 89.0313
8 100.067 56.9411
8 100.084 165.18
8 100.091 200.924
8 100.096 84.7961
8 100.107 168.435
8 100.113 136.054
8 100.121 50.8751
8 100.14 13.7315
8 100.213 1.12743

9 101.386 17.9947
9 101.442 22.0751
9 101.487 18.5929
9 101.541 13.8186
9 101.613 19.8791
9 101.663 101.564
9 101.673 121.168
9 101.682 56.1545
9 101.699 34.3784
9 101.728 100.735
9 101.738 6.1571
9 101.901 81.2414
9 101.913 171.644
9 101.919 113.302
9 101.928 163.399
9 101.934 73.73
9 101.947 70.6215
9 101.962 75.9994
9 101.975 143.802
9 101.982 88.7705
9 101.993 13.5183
9 102.067 0.832794

10 103.408 5.92666
10 103.576 31.6857
10 103.608 190.585
10 103.613 105.119
10 103.623 87.3744
10 103.634 44.2204
10 103.657 188.324
10 103.662 58.2852
10 103.679 214.362
10 103.684 153.965
10 103.69 180.375
10 103.696 179.211
10 103.701 164.609
10 103.707 168.095
10 103.713 51.6316
10 103.733 117.702
10 103.741 109.397
10 103.75 6.6372
10 103.901 161.577
10 103.907 199.005
10 103.912 62.1195
10 103.928 97.1534
10 103.939 185.908
10 103.944 34.0067
10 103.973 158.957
10 103.98 119.218
10 103.988 115.34
10 103.997 19.6217
10 104.048 0.0117759

11 188.999 16.8862
11 189.059 33.1939
11 189.089 32.9348
11 189.119 135.446
11 189.127 36.2279
11 189.154 139.237
11 189.161 109.146
11 189.17 77.3754
11 189.183 111.408
11 189.192 188.644
11 189.198 24.0033
11 189.239 135.227
11 189.247 50.3601
11 189.267 21.4749
11 189.313 51.994
11 189.332 174.064
11 189.338 48.4778
11 189.359 468.823
11 189.361 177.211
11 189.367 213.538
11 189.371 145.307
11 189.378 80.0705
11 189.391 97.6086
11 189.401 378.788
11 189.403 165.92
11 189.41 341.53
11 189.412 50.1706
11 189.432 169.635
11 189.438 159.109
11 189.445 77.0001
11 189.458 120.467
11 189.466 227.998
11 189.47 166.085
11 189.476 91.0249
11 189.487 424.628
11 189.49 306.091
11 189.493 156.789
11 189.499 239.292
11 189.503 995.025
11 189.504 69.7934
11 189.519 75.9129
11 189.532 47.3149
11 189.553 141.723
11 189.56 10.7763
11 189.653 31.5926
11 189.685 145.943
11 189.691 44.3262
11 189.714 159.719
11 189.72 246.184
11 189.724 219.587
11 189.729 294.724
11 189.732 63.4317
11 189.748 103.04
11 189.758 145.433
11 189.765 189.717
11 189.77 129.149
11 189.778 87.3057
11 189.789 338.753
11 189.792 161.031
11 189.798 144.488
11 189.805 61.9694
11 189.821 7.96952
11 189.947 1.17065

12 190.827 151.791
12 190.834 166.667
12 190.84 37.2523
12 190.867 152.625
12 190.873 225.073
12 190.878 80.5348
12 190.89 24.2742
12 190.931 37.0906
12 190.958 36.0907
12 190.986 29.3221
12 191.02 83.605
12 191.032 170.155
12 191.038 109.902
12 191.047 232.126
12 191.051 147.037
12 191.058 122.911
12 191.066 119.346
12 191.075 148.148
12 191.081 396.354
12 191.084 202.881
12 191.089 69.1419
12 191.103 47.2947
12 191.124 89.0789
12 191.136 203.252
12 191.141 74.6213
12 191.154 92.4642
12 191.165 123.824
12 191.173 152.416
12 191.179 131.909
12 191.187 165.508
12 191.193 87.0322
12 191.205 197.355
12 191.21 28.85
12 191.244 31.0453
12 191.277 126.167
12 191.284 29.0765
12 191.319 6.33256
12 191.477 257.998
12 191.481 225.683
12 191.485 140.944
12 191.492 140.469
12 191.499 224.316
12 191.504 224.921
12 191.508 228.624
12 191.513 133.708
12 191.52 75.3296
12 191.533 156.642
12 191.54 247.28
12 191.544 278.009
12 191.547 115.861
12 191.556 180.865
12 191.561 196.309
12 191.567 178.253
12 191.572 299.76
12 191.576 211.104
12 191.58 68.9845
12 191.595 26.6966
12 191.632 7.75717
12 191.761 58.9032
12 191.778 28.7902
12 191.813 26.4047
12 191.851 113.688
12 191.859 18.8815
12 191.912 21.8179
12 191.958 6.47941
12 192.113 119.689
12 192.121 91.4244
12 192.132 275.71
12 192.136 189.286
12 192.141 156.715
12 192.147 145.307
12 192.154 156.568
12 192.16 170.853
12 192.166 407.498
12 192.169 257.998
12 192.173 125.881
12 192.181 199.243
12 192.186 156.201
12 192.192 120.642
12 192.2 210.704
12 192.205 778.816
12 192.206 280.112
12 192.21 23.6457
12 192.252 38.1127
12 192.278 71.0278
12 192.293 15.1639
12 192.358 2.66921
12 192.733 219.443
12 192.738 99.7108
12 192.748 191.571
12 192.753 208.986
12 192.758 676.133
12 192.759 137.174
12 192.766 175.439
12 192.772 163.239
12 192.778 198.649
12 192.783 151.24
12 192.79 36.0633
12 192.818 33.7245
12 192.847 9.00998
12 192.958 61.4439
12 192.975 232.126
12 192.979 134.898
12 192.986 164.935
12 192.992 170.155
12 192.998 196.657
12 193.003 160.953
12 193.01 145.56
12 193.016 190.367
12 193.022 235.073
12 193.026 140.115
12 193.033 118.12
12 193.042 202.388
12 193.046 23.1642
12 193.09 28.5144
12 193.125 95.1022
12 193.135 28.1152
12 193.171 44.5812
12 193.193 259
12 193.197 181.951
12 193.203 278.009
12 193.206 181.951
12 193.212 152.486
12 193.218 88.4173
12 193.23 150.557
12 193.236 59.5026
12 193.253 363.108
12 193.256 206.654
12 193.261 274.348
12 193.264 91.7011
12 193.275 174.246
12 193.281 61.5801
12 193.297 66.921
12 193.312 79.4597
12 193.325 16.0945
12 193.387 38.7732
12 193.413 24.8775
12 193.453 90.4814
12 193.464 369.14
12 193.467 169.635
12 193.472 146.843
12 193.479 132.749
12 193.487 175.901
12 193.492 164.042
12 193.499 183.655
12 193.504 173.702
12 193.51 193.798
12 193.515 48.1
12 193.536 90.0414
12 193.547 90.6043
12 193.558 83.8364
12 193.57 11.3665
12 193.658 12.6186
12 193.737 244.379
12 193.741 178.923
12 193.747 165.098
12 193.753 193.911
12 193.758 316.556
12 193.761 174.611
12 193.767 75.5173
12 193.78 139.88
12 193.787 179.115
12 193.793 140.706
12 193.8 151.24
12 193.806 50.4515
12 193.826 49.0485
12 193.847 11.9048
12 193.931 28.3905
12 193.966 176.18
12 193.972 286.862
12 193.975 174.429
12 193.981 68.4182
12 193.995 455.373
12 193.998 135.833
12 194.005 138.141
12 194.012 194.137
12 194.017 327.118
12 194.02 234.082
12 194.025 94.4555
12 194.035 172.265
12 194.041 171.91
12 194.047 38.1869
12 194.073 2.20658

13 194.704 72.7008
13 194.718 172.801
13 194.724 42.7077
13 194.747 25.6193
13 194.786 19.0618
13 194.838 38.0909
13 194.865 29.0411
13 194.899 188.537
13 194.904 134.409
13 194.912 165.017
13 194.918 172.891
13 194.924 170.503
13 194.93 992.063
13 194.931 144.425
13 194.938 76.3301
13 194.951 127.959
13 194.958 115.062
13 194.967 94.7777
13 194.978 48.1487
13 194.998 34.7802
13 195.027 19.5538
13 195.078 59.4919
13 195.095 218.15
13 195.1 276.396
13 195.103 771.605
13 195.105 62.0964
13 195.121 131.648
13 195.128 242.072
13 195.132 407.997
13 195.135 236.911
13 195.139 971.817
13 195.14 200.321
13 195.145 613.874
13 195.147 114.39
13 195.156 161.342
13 195.162 17.6013
13 195.219 16.7185
13 195.278 25.4259
13 195.318 18.1891
13 195.373 49.6549
13 195.393 71.7463
13 195.407 16.7546
13 195.466 32.0113
13 195.498 14.5294
13 195.567 171.116
13 195.572 63.8692
13 195.588 98.9707
13 195.598 158.504
13 195.604 124.054
13 195.612 178.635
13 195.618 179.501
13 195.624 52.6759
13 195.643 246.184
13 195.647 41.6927
13 195.671 11.3475
13 195.759 20.1252
13 195.808 198.531
13 195.814 235.571
13 195.818 283.206
13 195.821 314.762
13 195.824 545.554
13 195.826 196.773
13 195.831 65.5008
13 195.847 91.1494
13 195.858 9.16884
13 195.967 161.108
13 195.973 1.58344

14 196.626 131.909
14 196.634 3.87201
14 196.892 5.35054
14 197.079 3.56426
14 197.359 18.9491
14 197.412 26.4697
14 197.45 35.8384
14 197.478 1.02607

15 198.626 38.4911
15 198.652 114.982
15 198.661 113.882
15 198.67 226.296
15 198.674 163.881
15 198.68 93.188
15 198.691 120.294
15 198.699 126.502
15 198.707 179.308
15 198.713 480.307
15 198.715 169.808
15 198.721 310.655
15 198.724 218.15
15 198.728 200.924
15 198.733 27.8079
15 198.769 84.7745
15 198.781 2.76235
15 199.143 28.3905
15 199.178 24.9988
15 199.218 145.307
15 199.225 16.9196
15 199.284 13.4942
15 199.358 11.6685
15 199.444 6.1579
15 199.607 157.828
15 199.613 172.265
15 199.619 145.117
15 199.626 369.959
15 199.628 285.633
15 199.632 143.616
15 199.639 76.1557
15 199.652 248.756
15 199.656 263.922
15 199.66 302.755
15 199.663 155.982
15 199.669 451.06
15 199.672 271.444
15 199.675 59.577
15 199.692 172.176
15 199.698 121.966
15 199.706 46.7771
15 199.727 7.54318
15 199.86 16.9799
15 199.919 355.366
15 199.922 224.316
15 199.926 116.959
15 199.935 103.81
15 199.944 138.889
15 199.952 160.488
15 199.958 549.149
15 199.96 49.8853
15 199.98 160.72
15 199.986 264.34
15 199.99 169.895
15 199.996 96.7305
15 200.006 78.5793
15 200.019 2.34025

16 200.467 49.4633
16 200.487 5.56492
16 200.667 396.354
16 200.669 171.644
16 200.675 117
16 200.683 735.835
16 200.685 145.054
16 200.692 171.116
16 200.697 163.559
16 200.704 10.3206
16 200.801 42.5062
16 200.824 45.4628
16 200.846 18.3999
16 200.9 328.731
16 200.903 182.05
16 200.909 108.932
16 200.918 121.036
16 200.926 181.061
16 200.932 156.568
16 200.938 363.108
16 200.941 190.585
16 200.946 191.022
16 200.951 328.731
16 200.955 148.017
16 200.961 39.7725
16 200.986 21.9125
16 201.032 55.1968
16 201.05 20.7671
16 201.098 48.7258
16 201.119 18.7614
16 201.172 154.967
16 201.179 195.046
16 201.184 70.3235
16 201.198 137.571
16 201.205 14.9089
16 201.272 23.6793
16 201.315 234.742
16 201.319 18.9771
16 201.371 7.85201
16 201.499 170.416
16 201.505 81.5993
16 201.517 113.804
16 201.526 190.367
16 201.531 150.625
16 201.538 137.344
16 201.545 204.123
16 201.55 49.6549
16 201.57 142.025
16 201.577 154.679
16 201.583 65.0915
16 201.599 6.81608
16 201.746 245.098
16 201.75 227.998
16 201.754 233.59
16 201.758 90.4814
16 201.769 197.824
16 201.774 58.5617
16 201.791 220.167
16 201.796 598.444
16 201.798 16.5656
16 201.858 1.49678

17 202.698 86.783
17 202.71 72.4953
17 202.723 77.2678
17 202.736 6.13467
17 202.899 56.7569
17 202.917 8.75649
17 203.031 38.3362
17 203.057 16.8359
17 203.117 54.0249
17 203.135 131.389
17 203.143 118.497
17 203.151 48.3512
17 203.172 16.7395
17 203.232 11.2597
17 203.32 172.087
17 203.326 175.531
17 203.332 199.243
17 203.337 114.666
17 203.346 148.214
17 203.352 187.477
17 203.358 977.517
17 203.359 200.321
17 203.364 158.053
17 203.37 141.723
17 203.377 51.5437
17 203.397 277.316
17 203.4 79.783
17 203.413 103.584
17 203.422 28.7332
17 203.457 18.3989
17 203.512 38.3054
17 203.538 139.353
17 203.545 164.285
17 203.551 181.061
17 203.556 164.366
17 203.563 117.744
17 203.571 554.631
17 203.573 165.426
17 203.579 156.128
17 203.585 169.377
17 203.591 697.35
17 203.593 103.103
17 203.602 105.02
17 203.612 162.681
17 203.618 6.66493
17 203.768 30.1768
17 203.801 130.259
17 203.809 132.485
17 203.816 235.239
17 203.821 184.468
17 203.826 126.839
17 203.834 207.039
17 203.839 14.9671
17 203.906 22.0809
17 203.951 1.51378

18 204.625 6.83747
18 204.771 2.49617

19 205.27 173.883
19 205.276 79.1014
19 205.289 94.3218
19 205.299 218.436
19 205.304 575.705
19 205.306 38.625
19 205.332 173.34
19 205.337 99.1768
19 205.347 12.8502
19 205.425 36.2122
19 205.453 17.831
19 205.509 131.234
19 205.517 324.57
19 205.52 90.0414
19 205.531 162.681
19 205.537 122.82
19 205.545 173.974
19 205.551 21.8694
19 205.597 10.6086
19 205.691 660.066
19 205.692 153.539
19 205.699 361.925
19 205.702 67.1231
19 205.716 142.878
19 205.723 156.568
19 205.73 146.649
19 205.737 1.04229

20 207.231 25.5526
20 207.27 49.157
20 207.29 8.78858
20 207.404 39.285
20 207.43 76.6636
20 207.443 134.789
20 207.45 183.251
20 207.456 44.48
20 207.478 145.054
20 207.485 7.26533
20 207.623 63.5405
20 207.638 57.8704
20 207.656 67.245
20 207.67 70.8918
20 207.685 44.0276
20 207.707 26.8471
20 207.745 8.96106
20 207.856 17.8607
20 207.912 402.091
20 207.915 100.614
20 207.925 133.869
20 207.932 105.753
20 207.941 106.394
20 207.951 31.6827
20 207.982 0.0155285

21 272.398 297.619
21 272.402 164.123
21 272.408 175.07
21 272.413 341.18
21 272.416 113.302
21 272.425 46.0342
21 272.447 51.5358
21 272.466 38.4113
21 272.492 20.4148
21 272.541 29.685
21 272.575 42.9221
21 272.598 69.0846
21 272.613 572.738
21 272.615 87.9507
21 272.626 127.47
21 272.634 186.846
21 272.639 188.857
21 272.644 266.241
21 272.648 100.281
21 272.658 235.738
21 272.662 187.056
21 272.668 37.1692
21 272.695 216.029
21 272.699 155.545
21 272.706 25.6766
21 272.745 119.947
21 272.753 20.6322
21 272.801 21.9241
21 272.847 23.1868
21 272.89 376.648
21 272.893 120.294
21 272.901 180.083
21 272.907 923.361
21 272.908 226.603
21 272.912 63.7714
21 272.928 238.265
21 272.932 271.444
21 272.936 77.1426
21 272.949 199.84
21 272.954 237.756
21 272.958 230.681
21 272.962 154.607
21 272.969 212.721
21 272.973 206.654
21 272.978 115.62
21 272.987 240.848
21 272.991 195.274
21 272.996 206.911
21 273.001 68.1106
21 273.016 227.842
21 273.02 139.645
21 273.027 425.17
21 273.03 380.084
21 273.032 176.554
21 273.038 180.278
21 273.043 152.905
21 273.05 93.6593
21 273.061 146.908
21 273.067 145.243
21 273.074 21.4597
21 273.121 5.57246
21 273.3 0.945101

22 274.439 12.483
22 274.519 70.9975
22 274.533 14.6675
22 274.601 23.1803
22 274.644 110.375
22 274.653 36.7269
22 274.68 150.761
22 274.687 175.254
22 274.693 168.265
22 274.699 71.5308
22 274.713 128.601
22 274.72 13.382
22 274.795 25.1686
22 274.835 27.2755
22 274.871 665.336
22 274.873 66.5469
22 274.888 88.4643
22 274.899 76.9645
22 274.912 50.1329
22 274.932 127.47
22 274.94 158.128
22 274.946 158.504
22 274.953 168.435
22 274.959 123.87
22 274.967 197.589
22 274.972 145.624
22 274.979 183.756
22 274.984 46.3478
22 275.006 168.35
22 275.012 109.433
22 275.021 14.1171
22 275.092 12.3791
22 275.172 70.2198
22 275.187 72.3694
22 275.2 48.2462
22 275.221 181.653
22 275.227 168.011
22 275.233 454.133
22 275.235 51.9292
22 275.254 168.776
22 275.26 48.6618
22 275.281 87.3744
22 275.292 114.824
22 275.301 65.028
22 275.316 99.4135
22 275.326 584.795
22 275.328 178.54
22 275.333 6.24243
22 275.494 36.5137
22 275.521 8.97722
22 275.632 37.6605
22 275.659 145.943
22 275.666 203.749
22 275.671 63.3593
22 275.687 207.426
22 275.691 145.37
22 275.698 693.001
22 275.7 164.366
22 275.706 73.1154
22 275.719 223.115
22 275.724 125.976
22 275.732 514.403
22 275.734 249.688
22 275.738 91.4997
22 275.749 322.061
22 275.752 236.742
22 275.756 248.016
22 275.76 236.574
22 275.764 121.699
22 275.773 85.4263
22 275.784 264.55
22 275.788 283.93
22 275.792 66.7601
22 275.807 141.723
22 275.814 161.655
22 275.82 158.053
22 275.826 168.691
22 275.832 165.59
22 275.838 131.596
22 275.846 30.9014
22 275.878 1.40034

23 276.621 53.3163
23 276.639 127.324
23 276.647 74.6213
23 276.661 7.46915
23 276.795 23.5671
23 276.837 84.4096
23 276.849 32.6637
23 276.879 170.068
23 276.885 173.07
23 276.891 121.655
23 276.899 75.4318
23 276.913 130.259
23 276.92 154.036
23 276.927 171.821
23 276.933 159.261
23 276.939 918.274
23 276.94 163.079
23 276.946 183.655
23 276.952 157.903
23 276.958 50.421
23 276.978 154.536
23 276.984 358.423
23 276.987 44.9055
23 277.009 92.7472
23 277.02 220.604
23 277.025 829.187
23 277.026 132.908
23 277.033 39.4384
23 277.059 24.0292
23 277.1 91.2492
23 277.111 9.24488
23 277.219 164.204
23 277.225 128.107
23 277.233 77.9545
23 277.246 205.888
23 277.251 37.0041
23 277.278 119.56
23 277.286 215.332
23 277.291 159.185
23 277.297 12.9495
23 277.374 60.7054
23 277.391 15.7396
23 277.454 32.5235
23 277.485 31.5507
23 277.517 104.723
23 277.526 98.4155
23 277.537 246.002
23 277.541 34.5997
23 277.57 97.8091
23 277.58 187.688
23 277.585 941.62
23 277.586 164.528
23 277.592 125.078
23 277.6 97.4944
23 277.611 63.0358
23 277.626 194.932
23 277.632 210.97
23 277.636 75.9648
23 277.649 64.2137
23 277.665 71.9942
23 277.679 9.30605
23 277.786 2.3361

24 278.225 27.8311
24 278.261 158.353
24 278.267 249.875
24 278.271 76.5052
24 278.284 24.3256
24 278.325 49.2805
24 278.346 13.5106
24 278.42 22.2
24 278.465 173.611
24 278.471 122.414
24 278.479 131.909
24 278.486 645.995
24 278.488 87.4432
24 278.499 82.1828
24 278.511 174.611
24 278.517 833.333
24 278.518 134.735
24 278.526 85.6898
24 278.537 23.8146
24 278.579 174.795
24 278.585 131.648
24 278.593 137.855
24 278.6 78.1006
24 278.613 157.381
24 278.619 10.6388
24 278.713 155.328
24 278.72 161.734
24 278.726 490.196
24 278.728 166.834
24 278.734 51.6716
24 278.753 185.805
24 278.759 237.079
24 278.763 335.345
24 278.766 453.515
24 278.768 175.07
24 278.774 93.9232
24 278.784 130.873
24 278.792 157.754
24 278.798 107.562
24 278.808 33.6836
24 278.837 135.446
24 278.845 196.309
24 278.85 6.4572
24 279.005 59.3648
24 279.021 175.254
24 279.027 160.488
24 279.033 187.477
24 279.039 285.633
24 279.042 87.8117
24 279.054 126.072
24 279.062 160.875
24 279.068 167.588
24 279.074 77.8452
24 279.087 88.347
24 279.098 995.025
24 279.099 273
24 279.103 72.3537
24 279.116 65.8111
24 279.132 0.903129

25 280.297 6.36011
25 280.454 657.462
25 280.455 435.161
25 280.458 235.239
25 280.462 265.816
25 280.466 117.994
25 280.474 99.7108
25 280.484 805.153
25 280.485 128.75
25 280.493 176.647
25 280.499 82.7746
25 280.511 134.68
25 280.518 174.886
25 280.524 122.594
25 280.532 18.9847
25 280.585 22.412
25 280.629 16.5
25 280.69 38.301
25 280.716 174.064
25 280.722 136.78
25 280.729 85.2297
25 280.741 57.3822
25 280.758 85.9328
25 280.77 554.631
25 280.772 172.176
25 280.778 79.1766
25 280.79 169.119
25 280.796 135.281
25 280.804 135.556
25 280.811 72.7326
25 280.825 25.7241
25 280.864 9.45412
25 280.969 13.352
25 281.044 198.413
25 281.049 587.889
25 281.051 27.887
25 281.087 195.274
25 281.092 185.082
25 281.097 154.036
25 281.104 74.0247
25 281.117 71.5615
25 281.131 801.282
25 281.133 44.1969
25 281.155 6.21728
25 281.316 125.36
25 281.324 706.215
25 281.325 234.247
25 281.33 179.404
25 281.335 891.266
25 281.336 124.425
25 281.344 162.443
25 281.351 145.18
25 281.358 16.4301
25 281.418 57.2246
25 281.436 18.596
25 281.49 20.5368
25 281.538 1.85443

26 282.091 6.54802
26 282.244 68.4322
26 282.258 90.5305
26 282.27 73.0994
26 282.283 9.90913
26 282.384 39.2989
26 282.41 199.601
26 282.415 138.485
26 282.422 146.327
26 282.429 62.1079
26 282.445 61.3083
26 282.461 101.225
26 282.471 104.395
26 282.48 6.67922
26 282.63 126.646
26 282.638 88.8415
26 282.649 65.9544
26 282.665 155.982
26 282.671 76.7165
26 282.684 86.3782
26 282.696 128.899
26 282.703 91.0996
26 282.714 100.918
26 282.724 20.7001
26 282.772 39.0137
26 282.798 51.0465
26 282.818 49.8554
26 282.838 293.686
26 282.841 28.0089
26 282.877 167.336
26 282.883 160.875
26 282.889 42.5822
26 282.913 194.704
26 282.918 159.566
26 282.924 58.6235
26 282.941 123.64
26 282.949 75.5687
26 282.962 84.6024
26 282.974 68.5307
26 282.989 112.045
26 282.998 170.59
26 283.004 21.8852
26 283.049 8.88036
26 283.162 134.844
26 283.169 87.0322
26 283.181 91.7263
26 283.192 197.355
26 283.197 108.897
26 283.206 297.885
26 283.209 113.302
26 283.218 60.794
26 283.235 87.4661
26 283.246 42.2583
26 283.27 30.1605
26 283.303 9.41806
26 283.409 1.2511

27 284.216 6.81426
27 284.363 40.1171
27 284.388 111.037
27 284.397 262.881
27 284.401 126.024
27 284.409 16.7143
27 284.469 14.7174
27 284.536 29.5692
27 284.57 11.1872
27 284.66 17.4575
27 284.717 11.0036
27 284.808 20.5406
27 284.857 6.96898
27 285 106.769
27 285.009 255.037
27 285.013 69.5604
27 285.028 0.904679

28 286.149 52.843
28 286.168 3.39613
28 286.462 3.32894
28 286.762 196.425
28 286.767 5.97596
28 286.935 570.776
28 286.937 98.561
28 286.947 57.205
28 286.964 65.7333
28 286.979 87.3973
28 286.991 83.71
28 287.003 32.5521
28 287.034 7.72213
28 287.163 76.858
28 287.176 139.47
28 287.183 22.6265
28 287.227 138.543
28 287.235 13.5966
28 287.308 21.7169
28 287.354 0.72748

29 288.774 37.7415
29 288.8 53.6164
29 288.819 189.502
29 288.824 165.508
29 288.83 139.237
29 288.838 26.8601
29 288.875 19.3326
29 288.927 6.8341
29 289.073 57.8905
29 289.09 105.619
29 289.1 128.156
29 289.107 137.231
29 289.115 55.5463
29 289.133 68.4463
29 289.147 495.295
29 289.149 359.195
29 289.152 342.583
29 289.155 89.823
29 289.166 44.8089
29 289.188 223.864
29 289.193 502.765
29 289.195 246.914
29 289.199 45.556
29 289.221 16.6309
29 289.281 19.381
29 289.333 36.3544
29 289.36 36.169
29 289.388 6.57968
29 289.54 30.5614
29 289.572 495.295
29 289.575 188.005
29 289.58 48.605
29 289.6 174.611
29 289.606 130.565
29 289.614 114.666
29 289.623 170.59
29 289.628 175.07
29 289.634 246.731
29 289.638 58.4385
29 289.655 43.0441
29 289.678 301.386
29 289.682 15.564
29 289.746 2.45412

30 290.666 7.17958
30 290.805 121.966
30 290.814 26.5965
30 290.851 7.7878
30 290.98 11.6914
30 291.065 977.517
30 291.066 71.9476
30 291.08 141.243
30 291.087 41.542
30 291.111 7.76983
30 291.24 49.4486
30 291.26 25.5193
30 291.299 157.011
30 291.306 69.8227
30 291.32 181.752
30 291.326 198.177
30 291.331 75.9129
30 291.344 45.5249
30 291.366 74.5045
30 291.379 9.16935
30 291.488 31.5179
30 291.52 9.54208

