Burst n° Time Inst.Freq.
1 84.4121 49.6401
1 84.4322 165.426
1 84.4383 28.0112
1 84.474 56.8053
1 84.4916 72.4323
1 84.5054 146.908
1 84.5122 149.41
1 84.5189 212.857
1 84.5236 585.823
1 84.5253 98.561
1 84.5354 651.042
1 84.537 49.2296
1 84.5573 576.701
1 84.559 154.178
1 84.5655 237.079
1 84.5697 573.723
1 84.5715 147.232
1 84.5783 59.6516
1 84.595 117.206
1 84.6036 48.1904
1 84.6243 66.4408
1 84.6394 103.103
1 84.6491 68.362
1 84.6637 64.7752
1 84.6791 79.0077
1 84.6918 147.167
1 84.6986 138.715
1 84.7058 79.783
1 84.7183 183.655
1 84.7238 526.593
1 84.7257 213.95
1 84.7303 106.326
1 84.7397 84.0477
1 84.7516 169.205
1 84.7576 119.432
1 84.7659 91.4244
1 84.7769 66.7334
1 84.7918 173.07
1 84.7976 24.3647
1 84.8387 141.303
1 84.8457 77.918
1 84.8586 196.425
1 84.8637 63.3112
1 84.8795 74.4879
1 84.8929 225.378
1 84.8973 66.4805
1 84.9124 77.5374
1 84.9253 31.5806
1 84.9569 13.3783
1 85.0317 18.4335
1 85.0859 21.8064
1 85.1318 1.45124

2 86.0452 146.843
2 86.0521 73.4376
2 86.0657 38.4379
2 86.0917 160.333
2 86.0979 957.854
2 86.099 18.9707
2 86.1517 21.6169
2 86.1979 25.4336
2 86.2373 374.953
2 86.2399 77.232
2 86.2529 194.363
2 86.258 127.714
2 86.2659 149.009
2 86.2726 174.611
2 86.2783 125.36
2 86.2863 85.3825
2 86.298 66.7468
2 86.313 90.7771
2 86.324 104.167
2 86.3336 89.2698
2 86.3448 51.3927
2 86.3642 55.2334
2 86.3823 92.9023
2 86.3931 179.695
2 86.3987 71.7309
2 86.4126 87.6501
2 86.424 149.813
2 86.4307 151.446
2 86.4373 148.81
2 86.444 416.146
2 86.4464 36.622
2 86.4737 77.991
2 86.4866 85.6678
2 86.4982 119.732
2 86.5066 88.347
2 86.5179 117.536
2 86.5264 120.904
2 86.5347 223.264
2 86.5392 24.0778
2 86.5807 87.6271
2 86.5921 599.52
2 86.5938 58.0316
2 86.611 139.704
2 86.6182 87.4891
2 86.6296 310.655
2 86.6328 282.965
2 86.6363 390.32
2 86.6389 190.259
2 86.6442 236.574
2 86.6484 274.348
2 86.652 180.766
2 86.6576 110.448
2 86.6666 192.456
2 86.6718 180.375
2 86.6774 402.576
2 86.6798 143.802
2 86.6868 186.846
2 86.6921 378.788
2 86.6948 229.095
2 86.6992 232.775
2 86.7034 336.022
2 86.7064 159.872
2 86.7127 48.6547
2 86.7332 727.802
2 86.7346 49.456
2 86.7548 26.0092
2 86.7933 206.911
2 86.7981 70.1754
2 86.8124 178.253
2 86.818 194.59
2 86.8231 108.295
2 86.8323 50.1781
2 86.8523 213.402
2 86.857 403.551
2 86.8594 257.202
2 86.8633 122.549
2 86.8715 134.246
2 86.8789 214.638
2 86.8836 96.4227
2 86.894 216.591
2 86.8986 93.791
2 86.9092 185.805
2 86.9146 178.635
2 86.9202 178.253
2 86.9258 218.15
2 86.9304 71.7618
2 86.9443 122.19
2 86.9525 12.7998
2 87.0307 62.3986
2 87.0467 154.607
2 87.0532 225.378
2 87.0576 502.765
2 87.0596 260.62
2 87.0634 529.942
2 87.0653 235.905
2 87.0695 654.879
2 87.0711 269.687
2 87.0748 67.9995
2 87.0895 34.8748
2 87.1182 72.812
2 87.1319 37.6435
2 87.1585 19.2223
2 87.2105 60.0709
2 87.2271 157.679
2 87.2335 294.464
2 87.2369 429.553
2 87.2392 164.447
2 87.2453 75.706
2 87.2585 166.667
2 87.2645 122.956
2 87.2726 0.925219

3 88.386 29.509
3 88.4199 131.804
3 88.4275 332.005
3 88.4305 35.307
3 88.4588 69.633
3 88.4731 196.078
3 88.4782 287.853
3 88.4817 168.095
3 88.4877 275.71
3 88.4913 119.517
3 88.4997 72.7326
3 88.5134 493.827
3 88.5154 84.4309
3 88.5273 196.078
3 88.5324 108.648
3 88.5416 90.7276
3 88.5526 729.395
3 88.554 51.7197
3 88.5733 84.6668
3 88.5851 126.646
3 88.593 71.4388
3 88.607 151.515
3 88.6136 35.8809
3 88.6415 98.0104
3 88.6517 36.8976
3 88.6788 185.391
3 88.6842 295.77
3 88.6876 189.717
3 88.6928 128.057
3 88.7006 183.352
3 88.7061 150.83
3 88.7127 349.04
3 88.7156 309.789
3 88.7188 508.906
3 88.7208 264.55
3 88.7246 122.055
3 88.7328 49.5589
3 88.7529 167.926
3 88.7589 163.559
3 88.765 133.12
3 88.7725 174.886
3 88.7782 46.3994
3 88.7998 18.3241
3 88.8544 32.4286
3 88.8852 214.362
3 88.8899 109.182
3 88.899 196.541
3 88.9041 114.982
3 88.9128 150.015
3 88.9195 209.38
3 88.9243 170.59
3 88.9301 331.016
3 88.9331 85.1644
3 88.9449 112.12
3 88.9538 153.468
3 88.9603 49.0918
3 88.9807 82.9807
3 88.9927 273.898
3 88.9964 384.911
3 88.999 72.8438
3 89.0127 13.3179
3 89.0878 207.555
3 89.0926 149.611
3 89.0993 126.598
3 89.1072 144.175
3 89.1141 125.644
3 89.1221 199.005
3 89.1271 162.681
3 89.1333 99.5619
3 89.1433 102.501
3 89.1531 7.57869
3 89.285 123.457
3 89.2931 88.3236
3 89.3044 0.884755

4 90.439 347.584
4 90.4418 84.7745
4 90.4536 76.8935
4 90.4666 529.101
4 90.4685 182.648
4 90.474 59.8122
4 90.4907 112.918
4 90.4996 163.319
4 90.5057 83.5422
4 90.5177 96.1446
4 90.5281 25.2889
4 90.5676 163.8
4 90.5737 48.9117
4 90.5942 120.25
4 90.6025 79.5735
4 90.615 161.812
4 90.6212 148.677
4 90.628 88.4643
4 90.6393 169.119
4 90.6452 992.063
4 90.6462 45.045
4 90.6684 359.195
4 90.6712 43.958
4 90.6939 175.716
4 90.6996 47.2277
4 90.7208 230.84
4 90.7251 44.48
4 90.7476 180.963
4 90.7531 72.338
4 90.7669 160.179
4 90.7732 151.172
4 90.7798 128.8
4 90.7876 84.7529
4 90.7994 29.4386
4 90.8333 18.3797
4 90.8877 74.206
4 90.9012 47.9893
4 90.922 207.039
4 90.9269 173.611
4 90.9326 162.681
4 90.9388 328.084
4 90.9418 158.806
4 90.9481 189.717
4 90.9534 167.168
4 90.9594 113.727
4 90.9682 245.64
4 90.9722 219.298
4 90.9768 106.667
4 90.9862 73.551
4 90.9998 392.157
4 91.0023 394.477
4 91.0049 8.32231
4 91.125 316.256
4 91.1282 164.935
4 91.1342 124.984
4 91.1423 161.577
4 91.1484 205.381
4 91.1533 163.961
4 91.1594 0.912977

5 92.2807 7.13028
5 92.4209 377.501
5 92.4236 214.087
5 92.4282 86.4902
5 92.4398 304.971
5 92.4431 21.8393
5 92.4889 190.042
5 92.4941 191.022
5 92.4994 233.427
5 92.5036 461.681
5 92.5058 119.646
5 92.5142 162.127
5 92.5203 163.961
5 92.5264 128.999
5 92.5342 76.1035
5 92.5473 137.855
5 92.5546 110.375
5 92.5636 90.0414
5 92.5747 128.65
5 92.5825 38.6608
5 92.6084 57.2443
5 92.6258 117.495
5 92.6344 167.673
5 92.6403 178.063
5 92.6459 87.9275
5 92.6573 214.5
5 92.662 558.347
5 92.6638 100.13
5 92.6737 159.49
5 92.68 522.466
5 92.6819 225.073
5 92.6864 481
5 92.6885 183.959
5 92.6939 162.84
5 92.7 70.502
5 92.7142 51.0699
5 92.7338 173.34
5 92.7396 102.976
5 92.7493 345.066
5 92.7522 135.336
5 92.7596 22.8029
5 92.8034 23.5305
5 92.8459 120.642
5 92.8542 163.079
5 92.8603 62.3519
5 92.8764 100.402
5 92.8863 132.696
5 92.8939 80.3213
5 92.9063 74.8391
5 92.9197 151.103
5 92.9263 124.193
5 92.9344 51.6076
5 92.9537 816.993
5 92.955 154.464
5 92.9614 53.0617
5 92.9803 188.964
5 92.9856 65.7333
5 93.0008 20.7284
5 93.049 16.5912
5 93.1093 442.674
5 93.1116 331.345
5 93.1146 91.6506
5 93.1255 66.0066
5 93.1406 74.7552
5 93.154 8.37605
5 93.2734 63.2751
5 93.2892 183.655
5 93.2946 435.161
5 93.2969 113.225
5 93.3058 105.186
5 93.3153 88.5583
5 93.3266 2.19022

6 93.8749 8.87918
6 93.9875 79.7448
6 94 121.212
6 94.0083 132.433
6 94.0158 152.486
6 94.0224 89.7989
6 94.0335 37.9305
6 94.0599 114.863
6 94.0686 3.75473
6 94.3349 8.80227
6 94.4485 41.5162
6 94.4726 454.133
6 94.4748 131.648
6 94.4824 78.5608
6 94.4952 51.164
6 94.5147 115.38
6 94.5234 70.5169
6 94.5375 263.296
6 94.5413 148.81
6 94.5481 80.4376
6 94.5605 281.77
6 94.564 80.8669
6 94.5764 204.75
6 94.5813 172.533
6 94.5871 327.761
6 94.5901 218.723
6 94.5947 82.3249
6 94.6069 49.7141
6 94.627 210.305
6 94.6317 150.625
6 94.6384 232.612
6 94.6427 119.261
6 94.6511 161.577
6 94.6572 80.2053
6 94.6697 870.322
6 94.6709 33.2502
6 94.7009 166.334
6 94.7069 192.123
6 94.7122 42.5062
6 94.7357 144.802
6 94.7426 217.439
6 94.7472 118.245
6 94.7556 96.9274
6 94.766 292.654
6 94.7694 75.861
6 94.7826 42.2422
6 94.8062 184.877
6 94.8116 254.647
6 94.8156 174.703
6 94.8213 155.111
6 94.8277 557.414
6 94.8295 80.6322
6 94.8419 50.3829
6 94.8618 144.175
6 94.8687 26.0112
6 94.9072 50.2765
6 94.9271 44.1852
6 94.9497 93.423
6 94.9604 320.513
6 94.9635 213.402
6 94.9682 66.2822
6 94.9833 91.878
6 94.9942 142.025
6 95.0012 69.5604
6 95.0156 83.3542
6 95.0276 171.733
6 95.0334 105.753
6 95.0429 78.5238
6 95.0556 71.3623
6 95.0696 167.084
6 95.0756 1.04926

7 96.0418 167.084
7 96.0478 202.758
7 96.0527 174.886
7 96.0585 394.945
7 96.061 130.107
7 96.0687 185.082
7 96.0741 79.7067
7 96.0866 68.264
7 96.1013 121.832
7 96.1095 80.6322
7 96.1219 25.742
7 96.1607 9.97466
7 96.261 37.3608
7 96.2877 135.007
7 96.2952 351.247
7 96.298 149.009
7 96.3047 375.375
7 96.3074 145.497
7 96.3143 137.741
7 96.3215 149.745
7 96.3282 36.4977
7 96.3556 697.35
7 96.357 278.242
7 96.3606 155.836
7 96.367 44.6409
7 96.3894 104.069
7 96.399 62.5743
7 96.415 886.525
7 96.4162 137.514
7 96.4234 221.484
7 96.4279 74.8223
7 96.4413 299.222
7 96.4446 350.14
7 96.4475 114.43
7 96.4562 50.2689
7 96.4761 59.8229
7 96.4928 327.761
7 96.4959 35.158
7 96.5243 150.015
7 96.531 239.292
7 96.5352 38.0909
7 96.5614 48.6973
7 96.582 73.73
7 96.5955 67.9163
7 96.6103 60.1685
7 96.6269 105.252
7 96.6364 183.857
7 96.6418 436.872
7 96.6441 351.617
7 96.647 191.571
7 96.6522 89.0789
7 96.6634 154.823
7 96.6699 220.604
7 96.6744 80.7494
7 96.6868 114.116
7 96.6955 575.705
7 96.6973 170.329
7 96.7031 169.981
7 96.709 161.031
7 96.7152 159.185
7 96.7215 70.368
7 96.7357 302.206
7 96.739 224.165
7 96.7435 13.7741
7 96.8161 18.6815
7 96.8696 68.4182
7 96.8843 180.473
7 96.8898 105.02
7 96.8993 157.53
7 96.9057 143.554
7 96.9126 150.083
7 96.9193 155.473
7 96.9257 125.455
7 96.9337 357.27
7 96.9365 216.732
7 96.9411 88.2535
7 96.9524 100.402
7 96.9624 71.3012
7 96.9764 159.642
7 96.9827 8.02807
7 97.1072 46.3092
7 97.1288 36.3702
7 97.1563 18.459
7 97.2105 0.881391

8 98.4363 39.9824
8 98.4613 288.101
8 98.4648 82.6515
8 98.4769 25.3524
8 98.5163 34.8675
8 98.545 24.9725
8 98.5851 32.7697
8 98.6156 156.715
8 98.622 525.762
8 98.6239 228.938
8 98.6282 548.246
8 98.6301 154.464
8 98.6365 71.1946
8 98.6506 179.308
8 98.6561 186.116
8 98.6615 73.5835
8 98.6751 968.992
8 98.6761 183.352
8 98.6816 166.75
8 98.6876 132.328
8 98.6952 140.885
8 98.7023 163.479
8 98.7084 316.857
8 98.7115 169.463
8 98.7174 213.675
8 98.7221 128.205
8 98.7299 309.789
8 98.7331 65.4365
8 98.7484 73.3245
8 98.7621 49.7141
8 98.7822 14.5332
8 98.851 376.648
8 98.8536 58.5309
8 98.8707 135.281
8 98.8781 55.4078
8 98.8962 130.976
8 98.9038 144.865
8 98.9107 60.551
8 98.9272 63.5163
8 98.943 129.601
8 98.9507 194.818
8 98.9558 424.088
8 98.9582 158.806
8 98.9645 56.4398
8 98.9822 138.889
8 98.9894 77.2678
8 99.0023 5.93014
8 99.1709 296.296
8 99.1743 299.76
8 99.1777 93.3445
8 99.1884 71.0732
8 99.2024 108.79
8 99.2116 40.8847
8 99.2361 126.887
8 99.244 213.675
8 99.2487 131.285
8 99.2563 237.756
8 99.2605 497.512
8 99.2625 47.824
8 99.2834 185.805
8 99.2888 127.714
8 99.2966 170.503
8 99.3025 123.138
8 99.3106 38.4157
8 99.3366 386.25
8 99.3392 266.454
8 99.343 125.786
8 99.3509 87.7193
8 99.3623 1.26284

9 100.157 39.5273
9 100.183 201.045
9 100.188 288.101
9 100.191 39.2526
9 100.217 742.39
9 100.218 51.8645
9 100.237 211.506
9 100.242 15.7552
9 100.306 12.5139
9 100.385 278.009
9 100.389 30.0192
9 100.422 112.613
9 100.431 189.609
9 100.436 110.632
9 100.446 90.5797
9 100.457 48.5201
9 100.477 69.6621
9 100.492 39.763
9 100.517 184.672
9 100.522 294.464
9 100.525 90.4814
9 100.537 66.3614
9 100.552 72.0098
9 100.566 49.848
9 100.586 185.701
9 100.591 166.75
9 100.597 176.367
9 100.603 148.148
9 100.609 24.9781
9 100.649 79.5735
9 100.662 287.356
9 100.665 226.449
9 100.67 141.423
9 100.677 82.0614
9 100.689 72.0721
9 100.703 153.398
9 100.71 75.3296
9 100.723 809.061
9 100.724 150.421
9 100.731 200.08
9 100.736 144.865
9 100.743 296.56
9 100.746 216.732
9 100.751 483.092
9 100.753 174.52
9 100.758 187.161
9 100.764 419.815
9 100.766 122.459
9 100.774 647.249
9 100.776 7.89684
9 100.902 46.7705
9 100.924 145.879
9 100.931 184.264
9 100.936 76.5052
9 100.949 402.091
9 100.952 181.851
9 100.957 165.92
9 100.963 374.532
9 100.966 389.864
9 100.968 109.254
9 100.978 45.0938
9 101 343.643
9 101.003 67.5995
9 101.017 10.2212
9 101.115 1.10861

10 102.504 133.387
10 102.512 21.7851
10 102.558 189.934
10 102.563 113.611
10 102.572 70.5318
10 102.586 33.7109
10 102.616 229.095
10 102.62 104.297
10 102.63 69.8519
10 102.644 465.549
10 102.646 287.853
10 102.65 52.4027
10 102.669 310.366
10 102.672 90.1144
10 102.683 53.5217
10 102.702 149.343
10 102.708 62.004
10 102.724 726.216
10 102.726 101.225
10 102.736 122.369
10 102.744 174.886
10 102.75 422.476
10 102.752 161.421
10 102.758 173.25
10 102.764 184.57
10 102.769 23.6995
10 102.812 81.6393
10 102.824 73.551
10 102.837 186.741
10 102.843 19.1417
10 102.895 86.0659
10 102.907 325.521
10 102.91 75.2615
10 102.923 161.264
10 102.929 386.698
10 102.932 49.3754
10 102.952 232.937
10 102.956 107.181
10 102.966 149.41
10 102.972 58.459
10 102.989 74.3716
10 103.003 107.147
10 103.012 1.35225

11 103.778 4.53151
11 103.999 210.837
11 104.003 74.438
11 104.017 165.344
11 104.023 540.249
11 104.025 136.78
11 104.032 77.8998
11 104.045 12.7782
11 104.123 5.45259
11 104.306 9.9956
11 104.406 14.1028
11 104.477 10.7997
11 104.57 0.0119774

12 188.088 189.934
12 188.093 225.225
12 188.098 220.313
12 188.102 58.5412
12 188.12 282.486
12 188.123 51.6476
12 188.142 48.883
12 188.163 183.05
12 188.168 122.414
12 188.177 109.146
12 188.186 72.9554
12 188.199 314.762
12 188.203 380.518
12 188.205 241.196
12 188.209 158.504
12 188.216 216.31
12 188.22 246.914
12 188.224 307.503
12 188.228 165.344
12 188.234 117.911
12 188.242 155.255
12 188.249 71.9321
12 188.262 202.388
12 188.267 105.921
12 188.277 79.8786
12 188.289 172.087
12 188.295 146.52
12 188.302 139.005
12 188.309 218.293
12 188.314 131.648
12 188.321 159.337
12 188.328 124.984
12 188.336 240.848
12 188.34 80.9061
12 188.352 108.19
12 188.361 130.565
12 188.369 123.365
12 188.377 196.309
12 188.382 49.6549
12 188.402 228.154
12 188.407 103.972
12 188.416 113.148
12 188.425 41.7659
12 188.449 182.749
12 188.455 124.193
12 188.463 184.672
12 188.468 113.186
12 188.477 92.9282
12 188.488 147.232
12 188.495 130.107
12 188.502 184.264
12 188.508 116.713
12 188.516 173.702
12 188.522 136.836
12 188.529 150.421
12 188.536 59.0179
12 188.553 174.52
12 188.559 106.564
12 188.568 56.392
12 188.586 57.4119
12 188.603 35.4648
12 188.631 170.853
12 188.637 73.3568
12 188.651 164.366
12 188.657 59.6944
12 188.674 59.7158
12 188.69 81.9605
12 188.703 96.8992
12 188.713 542.888
12 188.715 44.5157
12 188.737 173.974
12 188.743 77.5374
12 188.756 214.638
12 188.761 97.2952
12 188.771 270.563
12 188.774 131.544
12 188.782 49.034
12 188.802 24.6804
12 188.843 39.4197
12 188.868 12.6172
12 188.948 1.18649

13 189.83 193.349
13 189.835 253.872
13 189.839 259.403
13 189.843 165.098
13 189.849 192.567
13 189.855 410.509
13 189.857 613.874
13 189.859 202.143
13 189.864 247.463
13 189.868 137.912
13 189.875 172.98
13 189.881 442.674
13 189.883 78.4498
13 189.896 84.2602
13 189.907 140.115
13 189.915 165.508
13 189.921 46.8757
13 189.942 74.6547
13 189.955 195.733
13 189.961 45.9453
13 189.982 85.4701
13 189.994 65.8892
13 190.009 51.792
13 190.028 205.381
13 190.033 115.141
13 190.042 124.75
13 190.05 310.945
13 190.053 398.248
13 190.056 177.211
13 190.061 93.5541
13 190.072 199.124
13 190.077 208.073
13 190.082 73.2601
13 190.096 138.141
13 190.103 155.69
13 190.109 126.119
13 190.117 181.455
13 190.123 200.2
13 190.128 238.265
13 190.132 205.508
13 190.137 85.4263
13 190.148 75.3807
13 190.162 47.1876
13 190.183 42.7789
13 190.206 330.36
13 190.209 153.681
13 190.216 148.677
13 190.223 58.0215
13 190.24 114.155
13 190.249 86.8734
13 190.26 109.541
13 190.269 172.354
13 190.275 199.243
13 190.28 496.032
13 190.282 47.8377
13 190.303 386.698
13 190.305 220.022
13 190.31 300.3
13 190.313 379.651
13 190.316 68.6295
13 190.331 259.202
13 190.334 369.14
13 190.337 232.937
13 190.341 701.754
13 190.343 124.564
13 190.351 167.336
13 190.357 190.367
13 190.362 168.095
13 190.368 823.045
13 190.369 194.137
13 190.374 529.942
13 190.376 68.4744
13 190.391 49.8182
13 190.411 115.062
13 190.42 136.221
13 190.427 184.366
13 190.432 700.28
13 190.434 147.623
13 190.441 146.071
13 190.447 112.423
13 190.456 154.895
13 190.463 466.2
13 190.465 87.1232
13 190.476 185.494
13 190.482 243.132
13 190.486 595.238
13 190.488 512.821
13 190.49 59.1436
13 190.507 202.265
13 190.511 232.288
13 190.516 54.4129
13 190.534 116.387
13 190.543 90.8018
13 190.554 20.5027
13 190.603 149.948
13 190.609 54.1213
13 190.628 114.233
13 190.636 221.337
13 190.641 100.614
13 190.651 183.352
13 190.656 231.642
13 190.661 710.732
13 190.662 314.169
13 190.665 474.834
13 190.667 324.886
13 190.67 242.424
13 190.675 238.949
13 190.679 152.068
13 190.685 211.372
13 190.69 226.603
13 190.694 515.996
13 190.696 203.252
13 190.701 72.4638
13 190.715 148.28
13 190.722 153.681
13 190.728 183.959
13 190.734 240.327
13 190.738 201.045
13 190.743 115.181
13 190.752 92.8247
13 190.762 175.07
13 190.768 67.6682
13 190.783 11.0095
13 190.874 361.141
13 190.876 167.168
13 190.882 148.214
13 190.889 228.781
13 190.894 288.85
13 190.897 165.508
13 190.903 229.568
13 190.907 156.937
13 190.914 258.598
13 190.918 207.814
13 190.922 187.477
13 190.928 597.372
13 190.929 203.749
13 190.934 476.872
13 190.936 151.172
13 190.943 197.239
13 190.948 634.921
13 190.95 135.501
13 190.957 204.499
13 190.962 303.859
13 190.965 145.751
13 190.972 310.655
13 190.975 114.351
13 190.984 89.7505
13 190.995 49.6253
13 191.015 63.3834
13 191.031 88.3939
13 191.043 1.68759

14 191.644 255.428
14 191.648 520.021
14 191.65 80.8473
14 191.663 287.853
14 191.666 35.0951
14 191.695 502.765
14 191.697 107.98
14 191.706 110.816
14 191.715 46.49
14 191.736 130.617
14 191.744 264.131
14 191.748 114.194
14 191.757 285.144
14 191.76 251.953
14 191.764 142.207
14 191.771 104.822
14 191.781 112.727
14 191.79 132.066
14 191.797 79.3084
14 191.81 182.249
14 191.815 191.131
14 191.82 130.208
14 191.828 162.443
14 191.834 198.768
14 191.839 212.585
14 191.844 247.831
14 191.848 115.58
14 191.857 69.0846
14 191.871 226.603
14 191.876 164.69
14 191.882 61.7513
14 191.898 197.589
14 191.903 111.297
14 191.912 384.025
14 191.915 73.779
14 191.928 304.692
14 191.931 117.495
14 191.94 106.394
14 191.949 233.59
14 191.954 607.165
14 191.955 490.196
14 191.957 196.309
14 191.962 250.815
14 191.966 210.704
14 191.971 146.778
14 191.978 200.682
14 191.983 178.158
14 191.988 189.072
14 191.994 127.518
14 192.002 137.912
14 192.009 549.149
14 192.011 298.954
14 192.014 204.499
14 192.019 214.638
14 192.024 261.849
14 192.027 184.468
14 192.033 79.1766
14 192.045 395.413
14 192.048 837.521
14 192.049 223.564
14 192.054 122.055
14 192.062 123.778
14 192.07 169.033
14 192.076 144.928
14 192.083 182.548
14 192.088 71.1339
14 192.102 75.3636
14 192.116 11.497
14 192.202 37.3986
14 192.229 107.735
14 192.239 79.0826
14 192.251 126.072
14 192.259 174.795
14 192.265 814.996
14 192.266 127.567
14 192.274 190.803
14 192.279 255.428
14 192.283 474.158
14 192.285 236.911
14 192.289 199.601
14 192.294 258.799
14 192.298 261.233
14 192.302 194.363
14 192.307 330.688
14 192.31 1001
14 192.311 260.01
14 192.315 578.704
14 192.317 925.926
14 192.318 341.88
14 192.321 654.879
14 192.322 195.618
14 192.327 107.216
14 192.337 886.525
14 192.338 233.59
14 192.342 125.597
14 192.35 734.214
14 192.352 257.202
14 192.355 197.824
14 192.36 254.453
14 192.364 180.571
14 192.37 148.346
14 192.377 402.576
14 192.379 291.121
14 192.383 121.256
14 192.391 82.203
14 192.403 167.842
14 192.409 200.682
14 192.414 308.071
14 192.417 322.373
14 192.42 401.123
14 192.423 118.666
14 192.431 253.872
14 192.435 140.174
14 192.442 240.848
14 192.446 97.012
14 192.457 71.4388
14 192.471 178.923
14 192.476 152.207
14 192.483 30.8842
14 192.515 81.2216
14 192.528 108.366
14 192.537 26.5372
14 192.574 500.501
14 192.576 156.937
14 192.583 180.375
14 192.588 102.785
14 192.598 137.627
14 192.605 412.031
14 192.608 150.557
14 192.614 146.649
14 192.621 113.999
14 192.63 202.388
14 192.635 328.084
14 192.638 269.906
14 192.642 171.556
14 192.648 397.298
14 192.65 339.098
14 192.653 100.675
14 192.663 126.598
14 192.671 285.144
14 192.674 385.356
14 192.677 195.963
14 192.682 86.0659
14 192.694 313.283
14 192.697 12.5078
14 192.777 261.438
14 192.781 42.5767
14 192.804 290.867
14 192.808 863.558
14 192.809 186.532
14 192.814 330.36
14 192.817 504.286
14 192.819 314.169
14 192.822 578.704
14 192.824 83.2085
14 192.836 186.324
14 192.841 576.701
14 192.843 210.837
14 192.848 455.373
14 192.85 254.065
14 192.854 419.815
14 192.856 132.696
14 192.864 219.154
14 192.869 163.881
14 192.875 414.594
14 192.877 187.161
14 192.882 188.537
14 192.888 142.572
14 192.895 131.234
14 192.902 164.935
14 192.908 118.751
14 192.917 86.5127
14 192.928 368.732
14 192.931 198.413
14 192.936 171.733
14 192.942 18.204
14 192.997 31.8066
14 193.028 93.9232
14 193.039 249.875
14 193.043 103.391
14 193.053 240.848
14 193.057 287.853
14 193.06 87.974
14 193.072 348.675
14 193.074 427.899
14 193.077 119.646
14 193.085 227.842
14 193.09 138.485
14 193.097 165.837
14 193.103 69.3722
14 193.117 53.7115
14 193.136 65.1933
14 193.151 2.38099

15 193.59 97.2384
15 193.601 494.56
15 193.603 176.46
15 193.608 139.704
15 193.615 118.161
15 193.624 52.1322
15 193.643 47.9272
15 193.664 22.6234
15 193.708 21.0917
15 193.756 13.7906
15 193.828 566.893
15 193.83 141.965
15 193.837 183.453
15 193.842 896.057
15 193.844 216.45
15 193.848 174.429
15 193.854 580.72
15 193.856 206.398
15 193.86 379.651
15 193.863 52.7593
15 193.882 127.567
15 193.89 203.004
15 193.895 64.3874
15 193.91 101.657
15 193.92 118.203
15 193.929 195.503
15 193.934 117.911
15 193.942 14.4469
15 194.011 70.3383
15 194.026 19.279
15 194.078 201.532
15 194.082 193.461
15 194.088 174.155
15 194.093 1013.17
15 194.094 300.3
15 194.098 234.577
15 194.102 308.928
15 194.105 121.788
15 194.113 214.5
15 194.118 195.046
15 194.123 235.905
15 194.127 234.742
15 194.132 175.07
15 194.137 183.05
15 194.143 239.12
15 194.147 261.028
15 194.151 156.715
15 194.157 519.211
15 194.159 230.203
15 194.164 153.116
15 194.17 388.954
15 194.173 345.781
15 194.176 727.802
15 194.177 151.722
15 194.183 124.657
15 194.192 80.0128
15 194.204 234.247
15 194.208 157.381
15 194.215 647.249
15 194.216 171.204
15 194.222 115.062
15 194.231 194.477
15 194.236 151.24
15 194.242 168.265
15 194.248 504.286
15 194.25 218.293
15 194.255 121.832
15 194.263 38.3274
15 194.289 138.543
15 194.296 212.993
15 194.301 63.8814
15 194.317 50.2689
15 194.337 225.225
15 194.341 394.477
15 194.344 103.295
15 194.353 268.601
15 194.357 129.299
15 194.365 283.447
15 194.368 65.1296
15 194.384 136.949
15 194.391 209.118
15 194.396 78.5793
15 194.409 159.033
15 194.415 168.862
15 194.421 172.354
15 194.427 120.948
15 194.435 151.309
15 194.441 155.69
15 194.448 118.751
15 194.456 181.951
15 194.462 108.12
15 194.471 163.239
15 194.477 17.5577
15 194.534 87.3744
15 194.546 56.2493
15 194.563 131.804
15 194.571 200.682
15 194.576 160.179
15 194.582 180.18
15 194.588 146.778
15 194.595 292.398
15 194.598 220.604
15 194.602 284.657
15 194.606 653.595
15 194.607 186.012
15 194.613 306.091
15 194.616 137.118
15 194.623 217.297
15 194.628 152.207
15 194.635 131.804
15 194.642 144.676
15 194.649 131.7
15 194.657 257.202
15 194.661 523.286
15 194.662 15.085
15 194.729 20.849
15 194.777 75.7404
15 194.79 1022.49
15 194.791 289.855
15 194.794 347.947
15 194.797 131.804
15 194.805 43.2676
15 194.828 92.0302
15 194.839 78.765
15 194.852 178.063
15 194.857 290.867
15 194.861 135.943
15 194.868 18.1772
15 194.923 25.0815
15 194.963 160.179
15 194.969 62.905
15 194.985 176.274
15 194.991 361.533
15 194.993 955.11
15 194.994 483.793
15 194.997 157.233
15 195.003 335.345
15 195.006 423.549
15 195.008 67.9302
15 195.023 366.703
15 195.026 190.15
15 195.031 1.53155

16 195.69 147.885
16 195.696 69.1994
16 195.711 118.582
16 195.719 96.4227
16 195.73 55.1694
16 195.748 36.5497
16 195.775 10.8243
16 195.868 65.9674
16 195.883 147.427
16 195.89 215.054
16 195.894 192.234
16 195.899 300.3
16 195.903 224.165
16 195.907 215.054
16 195.912 179.308
16 195.917 595.238
16 195.919 200.441
16 195.924 280.348
16 195.928 799.361
16 195.929 440.335
16 195.931 304.414
16 195.934 60.8273
16 195.951 415.628
16 195.953 399.202
16 195.956 139.587
16 195.963 154.464
16 195.969 131.909
16 195.977 335.683
16 195.98 133.28
16 195.987 146.263
16 195.994 75.1258
16 196.008 67.3537
16 196.022 195.274
16 196.028 105.719
16 196.037 25.3043
16 196.077 39.6259
16 196.102 109.218
16 196.111 27.2933
16 196.148 237.248
16 196.152 310.366
16 196.155 206.782
16 196.16 439.174
16 196.162 182.648
16 196.168 105.82
16 196.177 128.7
16 196.185 122.279
16 196.193 78.1922
16 196.206 148.677
16 196.213 66.6134
16 196.228 145.879
16 196.234 35.8269
16 196.262 69.1419
16 196.277 1025.64
16 196.278 179.695
16 196.283 234.577
16 196.288 111.111
16 196.297 159.642
16 196.303 123.732
16 196.311 170.503
16 196.317 196.078
16 196.322 79.3651
16 196.335 564.972
16 196.336 159.795
16 196.343 175.809
16 196.348 110.558
16 196.357 208.464
16 196.362 67.944
16 196.377 89.0551
16 196.388 24.883
16 196.428 135.667
16 196.436 143.308
16 196.443 177.968
16 196.448 328.407
16 196.451 187.161
16 196.457 171.733
16 196.462 74.6046
16 196.476 53.4102
16 196.495 72.812
16 196.508 146.52
16 196.515 68.3901
16 196.53 209.38
16 196.534 255.624
16 196.538 178.731
16 196.544 203.5
16 196.549 174.978
16 196.555 29.2886
16 196.589 0.749648

17 197.928 50.0125
17 197.948 25.0363
17 197.988 24.9931
17 198.028 14.5123
17 198.097 89.9442
17 198.108 32.0174
17 198.139 114.469
17 198.148 81.1622
17 198.16 713.776
17 198.162 157.828
17 198.168 133.44
17 198.176 164.609
17 198.182 155.836
17 198.188 62.6331
17 198.204 147.689
17 198.211 115.26
17 198.22 126.167
17 198.227 249.875
17 198.231 300.571
17 198.235 148.743
17 198.242 38.3318
17 198.268 50.3753
17 198.287 156.863
17 198.294 47.6531
17 198.315 117
17 198.323 192.234
17 198.329 122.19
17 198.337 49.39
17 198.357 133.387
17 198.364 308.356
17 198.368 703.235
17 198.369 423.549
17 198.372 135.172
17 198.379 403.551
17 198.381 819.001
17 198.383 202.265
17 198.388 305.53
17 198.391 119.689
17 198.399 83.7521
17 198.411 839.631
17 198.412 232.775
17 198.417 73.4053
17 198.43 202.143
17 198.435 46.0851
17 198.457 26.7308
17 198.494 38.2658
17 198.52 34.2548
17 198.55 46.7181
17 198.571 5.39287
17 198.756 11.6156
17 198.843 67.5037
17 198.857 270.124
17 198.861 80.3794
17 198.874 328.407
17 198.877 53.4017
17 198.895 734.214
17 198.897 163.961
17 198.903 116.959
17 198.911 289.101
17 198.915 202.02
17 198.92 412.541
17 198.922 839.631
17 198.923 208.073
17 198.928 159.566
17 198.934 211.506
17 198.939 103.423
17 198.949 322.373
17 198.952 322.373
17 198.955 146.327
17 198.962 262.881
17 198.966 207.039
17 198.97 643.501
17 198.972 354.61
17 198.975 292.398
17 198.978 347.584
17 198.981 227.998
17 198.986 340.832
17 198.988 347.222
17 198.991 372.439
17 198.994 506.586
17 198.996 241.896
17 199 114.312
17 199.009 237.417
17 199.013 169.895
17 199.019 881.834
17 199.02 176.554
17 199.026 73.8771
17 199.039 241.721
17 199.043 11.7694
17 199.128 1.57507

18 199.765 128.949
18 199.773 285.388
18 199.776 116.55
18 199.785 67.5721
18 199.8 107.216
18 199.809 148.346
18 199.816 229.568
18 199.82 29.5325
18 199.854 63.6011
18 199.87 148.876
18 199.876 7.1819
18 200.016 128.849
18 200.023 192.234
18 200.029 92.0302
18 200.039 333.333
18 200.042 319.898
18 200.046 332.336
18 200.049 513.611
18 200.051 85.9993
18 200.062 74.6046
18 200.076 219.877
18 200.08 275.028
18 200.084 56.7376
18 200.101 140.944
18 200.108 74.3218
18 200.122 155.183
18 200.128 152.416
18 200.135 128.601
18 200.143 130.565
18 200.15 279.642
18 200.154 73.0994
18 200.168 905.797
18 200.169 50.2159
18 200.189 518.403
18 200.191 240.327
18 200.195 126.024
18 200.203 329.056
18 200.206 95.4016
18 200.216 174.155
18 200.222 50.4592
18 200.242 163.559
18 200.248 121.521
18 200.256 54.1829
18 200.275 108.436
18 200.284 206.654
18 200.289 79.6495
18 200.301 109.757
18 200.31 26.8104
18 200.348 870.322
18 200.349 102.344
18 200.358 79.3462
18 200.371 129.249
18 200.379 174.338
18 200.385 202.143
18 200.389 237.756
18 200.394 308.071
18 200.397 578.704
18 200.399 84.3028
18 200.411 170.853
18 200.416 11.6351
18 200.502 52.263
18 200.521 240.674
18 200.526 250.627
18 200.53 303.582
18 200.533 110.926
18 200.542 153.61
18 200.548 209.644
18 200.553 171.292
18 200.559 219.732
18 200.564 226.296
18 200.568 154.751
18 200.574 79.6686
18 200.587 164.285
18 200.593 362.319
18 200.596 119.818
18 200.604 228.467
18 200.609 74.9064
18 200.622 8.71277
18 200.737 180.865
18 200.742 180.963
18 200.748 127.275
18 200.756 77.1069
18 200.769 132.591
18 200.776 184.366
18 200.782 619.579
18 200.783 154.607
18 200.79 177.022
18 200.795 292.654
18 200.799 63.3112
18 200.815 211.506
18 200.819 125.834
18 200.827 145.433
18 200.834 768.049
18 200.835 139.997
18 200.843 327.118
18 200.846 100.13
18 200.856 7.90751
18 200.982 119.048
18 200.99 169.463
18 200.996 163.479
18 201.002 39.8867
18 201.027 1.71353

19 201.629 99.3838
19 201.639 141.965
19 201.647 566.893
19 201.648 176.367
19 201.654 151.86
19 201.661 20.1264
19 201.71 9.47966
19 201.816 162.602
19 201.822 122.549
19 201.83 247.463
19 201.834 569.801
19 201.836 361.533
19 201.839 219.587
19 201.843 142.146
19 201.85 66.4805
19 201.865 92.4642
19 201.876 186.951
19 201.881 168.011
19 201.887 20.4086
19 201.936 9.48263
19 202.042 25.3235
19 202.081 18.5052
19 202.135 238.949
19 202.139 112.423
19 202.148 206.271
19 202.153 340.832
19 202.156 155.4
19 202.163 239.464
19 202.167 111.371
19 202.176 141.844
19 202.183 159.949
19 202.189 161.186
19 202.195 40.8047
19 202.22 132.013
19 202.227 79.9744
19 202.24 109.613
19 202.249 188.111
19 202.254 159.795
19 202.261 21.4376
19 202.307 18.647
19 202.361 231.481
19 202.365 58.9657
19 202.382 248.942
19 202.386 77.1426
19 202.399 440.335
19 202.401 139.47
19 202.409 184.775
19 202.414 600.601
19 202.416 55.3067
19 202.434 67.9163
19 202.448 49.0485
19 202.469 11.5324
19 202.555 168.52
19 202.561 137.684
19 202.569 147.362
19 202.575 133.014
19 202.583 260.213
19 202.587 583.771
19 202.589 172.801
19 202.594 139.587
19 202.602 283.447
19 202.605 215.471
19 202.61 170.765
19 202.616 674.764
19 202.617 123.411
19 202.625 72.8597
19 202.639 60.1251
19 202.655 9.84533
19 202.757 249.501
19 202.761 115.101
19 202.77 362.713
19 202.772 83.9631
19 202.784 95.048
19 202.795 103.391
19 202.805 25.0796
19 202.844 1.27777

20 203.646 114.194
20 203.655 80.1282
20 203.668 152.138
20 203.674 66.2691
20 203.689 56.4685
20 203.707 115.66
20 203.716 49.8405
20 203.736 7.583
20 203.868 773.395
20 203.869 142.694
20 203.876 156.348
20 203.882 261.028
20 203.886 332.336
20 203.889 350.14
20 203.892 91.954
20 203.903 211.238
20 203.908 144.363
20 203.914 37.4574
20 203.941 50.02
20 203.961 35.3895
20 203.989 183.251
20 203.995 28.845
20 204.03 31.7279
20 204.061 120.294
20 204.069 160.488
20 204.076 40.0304
20 204.101 27.4778
20 204.137 22.8279
20 204.181 178.348
20 204.186 165.344
20 204.192 35.6011
20 204.221 110.889
20 204.23 81.2612
20 204.242 131.909
20 204.249 49.4193
20 204.27 198.413
20 204.275 143.802
20 204.282 127.812
20 204.29 189.072
20 204.295 83.2709
20 204.307 113.611
20 204.316 43.4991
20 204.339 190.913
20 204.344 106.975
20 204.353 38.3759
20 204.379 44.6768
20 204.402 195.046
20 204.407 157.381
20 204.413 989.12
20 204.414 139.005
20 204.421 26.5034
20 204.459 99.1179
20 204.469 151.172
20 204.476 141.844
20 204.483 31.3048
20 204.515 74.438
20 204.528 166.834
20 204.534 135.446
20 204.542 173.702
20 204.547 8.33521
20 204.667 371.195
20 204.67 86.2887
20 204.682 154.607
20 204.688 100.19
20 204.698 331.345
20 204.701 53.0195
20 204.72 139.645
20 204.727 119.517
20 204.735 85.9107
20 204.747 11.3132
20 204.835 21.8436
20 204.881 1.44593

21 205.586 105.186
21 205.596 406.504
21 205.598 328.731
21 205.601 197.472
21 205.606 5.18371
21 205.799 308.356
21 205.802 265.393
21 205.806 382.702
21 205.809 152.416
21 205.815 221.484
21 205.82 362.713
21 205.823 12.697
21 205.901 6.26932
21 206.061 14.0772
21 206.132 359.583
21 206.135 64.5494
21 206.15 32.7279
21 206.181 79.9744
21 206.193 128.899
21 206.201 70.8015
21 206.215 28.6812
21 206.25 58.0114
21 206.267 53.0617
21 206.286 34.3713
21 206.315 56.6027
21 206.333 118.12
21 206.341 36.5417
21 206.369 80.3213
21 206.381 86.8282
21 206.393 73.5998
21 206.406 843.882
21 206.407 191.131
21 206.413 54.7615
21 206.431 241.022
21 206.435 12.4891
21 206.515 50.421
21 206.535 121.877
21 206.543 120.861
21 206.551 111.334
21 206.56 166.168
21 206.566 64.5745
21 206.582 202.634
21 206.587 172.712
21 206.593 136.388
21 206.6 209.118
21 206.605 97.8091
21 206.615 162.681
21 206.621 155.328
21 206.627 72.0098
21 206.641 9.55657
21 206.746 108.648
21 206.755 206.016
21 206.76 42.1461
21 206.784 360.75
21 206.787 1.0271

22 207.766 168.35
22 207.772 389.408
22 207.775 278.94
22 207.778 107.388
22 207.788 168.776
22 207.794 118.835
22 207.802 18.7899
22 207.855 10.6313
22 207.949 26.1438
22 207.988 69.1133
22 208.002 41.1624
22 208.026 151.309
22 208.033 0.0157321

23 271.603 44.1618
23 271.626 39.4664
23 271.651 150.15
23 271.658 296.824
23 271.661 211.104
23 271.666 245.278
23 271.67 68.4041
23 271.685 138.427
23 271.692 400.641
23 271.694 372.856
23 271.697 232.126
23 271.701 745.712
23 271.703 279.877
23 271.706 96.5344
23 271.717 153.046
23 271.723 161.812
23 271.729 550.964
23 271.731 148.61
23 271.738 68.7427
23 271.752 327.761
23 271.755 94.9668
23 271.766 35.4912
23 271.794 120.511
23 271.802 256.608
23 271.806 86.9641
23 271.818 54.7076
23 271.836 115.54
23 271.845 80.5932
23 271.857 130.107
23 271.865 13.645
23 271.938 218.579
23 271.943 147.623
23 271.949 569.801
23 271.951 46.4641
23 271.973 229.727
23 271.977 92.1065
23 271.988 500.501
23 271.99 79.7067
23 272.002 68.7711
23 272.017 173.16
23 272.023 45.2837
23 272.045 49.3316
23 272.065 789.889
23 272.066 176.647
23 272.072 188.75
23 272.077 68.5166
23 272.092 200.682
23 272.097 110.084
23 272.106 92.081
23 272.117 68.362
23 272.132 49.6475
23 272.152 119.603
23 272.16 258.198
23 272.164 70.028
23 272.178 72.8757
23 272.192 221.631
23 272.196 292.912
23 272.2 23.2515
23 272.243 128.849
23 272.251 1025.64
23 272.252 162.285
23 272.258 45.9707
23 272.279 56.2493
23 272.297 191.902
23 272.302 226.296
23 272.307 195.848
23 272.312 73.6485
23 272.326 98.2994
23 272.336 61.2407
23 272.352 15.2214
23 272.418 30.4053
23 272.451 150.353
23 272.457 70.5916
23 272.471 89.6298
23 272.483 16.6152
23 272.543 7.06379
23 272.684 2.99311

24 273.064 52.1812
24 273.083 182.448
24 273.088 109.721
24 273.097 91.954
24 273.108 331.016
24 273.111 913.242
24 273.112 97.3236
24 273.123 361.141
24 273.126 241.721
24 273.13 75.1089
24 273.143 290.867
24 273.146 59.0912
24 273.163 48.9189
24 273.184 214.225
24 273.188 128.601
24 273.196 69.0989
24 273.211 239.981
24 273.215 74.5379
24 273.228 276.855
24 273.232 253.678
24 273.236 240.154
24 273.24 103.295
24 273.25 647.249
24 273.251 179.115
24 273.257 218.866
24 273.261 131.752
24 273.269 442.674
24 273.271 499.75
24 273.273 298.686
24 273.277 356.506
24 273.279 161.734
24 273.286 238.607
24 273.29 237.586
24 273.294 82.5696
24 273.306 324.254
24 273.309 488.759
24 273.311 211.238
24 273.316 77.7182
24 273.329 402.576
24 273.331 96.7305
24 273.342 971.817
24 273.343 179.501
24 273.348 447.427
24 273.35 163.559
24 273.357 135.281
24 273.364 204.499
24 273.369 183.756
24 273.374 164.204
24 273.38 194.818
24 273.385 227.531
24 273.39 533.333
24 273.392 96.5624
24 273.402 282.965
24 273.406 216.31
24 273.41 206.782
24 273.415 102.785
24 273.425 157.754
24 273.431 209.38
24 273.436 246.366
24 273.44 293.427
24 273.443 182.749
24 273.449 117.661
24 273.457 161.812
24 273.464 177.968
24 273.469 35.5025
24 273.497 144.363
24 273.504 199.362
24 273.509 175.716
24 273.515 45.5
24 273.537 141.663
24 273.544 78.9141
24 273.557 161.734
24 273.563 52.5017
24 273.582 42.3119
24 273.606 169.119
24 273.611 154.823
24 273.618 238.777
24 273.622 70.368
24 273.636 502.008
24 273.638 237.586
24 273.643 44.9721
24 273.665 338.066
24 273.668 204.75
24 273.673 256.213
24 273.677 709.22
24 273.678 288.6
24 273.681 63.6862
24 273.697 206.016
24 273.702 131.234
24 273.71 201.41
24 273.715 208.855
24 273.719 83.375
24 273.731 206.271
24 273.736 157.085
24 273.743 294.985
24 273.746 128.8
24 273.754 111.371
24 273.763 38.301
24 273.789 464.9
24 273.791 39.0961
24 273.817 161.421
24 273.823 49.0773
24 273.843 216.029
24 273.848 101.225
24 273.858 146.908
24 273.864 196.309
24 273.869 149.009
24 273.876 463.607
24 273.878 173.07
24 273.884 162.048
24 273.89 140.351
24 273.897 78.2289
24 273.91 153.752
24 273.917 441.501
24 273.919 275.255
24 273.923 370.37
24 273.925 163.559
24 273.931 194.932
24 273.937 41.8603
24 273.96 270.124
24 273.964 47.6667
24 273.985 203.5
24 273.99 157.307
24 273.996 184.672
24 274.002 306.091
24 274.005 56.3158
24 274.023 137.514
24 274.03 253.872
24 274.034 425.713
24 274.036 127.226
24 274.044 156.128
24 274.051 177.305
24 274.056 38.7642
24 274.082 55.76
24 274.1 394.945
24 274.103 54.9511
24 274.121 327.118
24 274.124 80.4959
24 274.136 153.61
24 274.143 72.9874
24 274.156 81.2216
24 274.169 61.9003
24 274.185 380.084
24 274.188 60.2773
24 274.204 148.346
24 274.211 171.91
24 274.217 159.795
24 274.223 551.876
24 274.225 171.116
24 274.231 159.49
24 274.237 69.1419
24 274.251 200.321
24 274.256 43.3971
24 274.279 144.613
24 274.286 93.3707
24 274.297 50.6971
24 274.317 11.6984
24 274.402 47.524
24 274.423 50.163
24 274.443 40.1655
24 274.468 48.6547
24 274.489 1.78682

25 275.056 24.8589
25 275.096 52.5762
25 275.115 64.7878
25 275.131 8.36932
25 275.25 159.949
25 275.256 21.5485
25 275.303 35.9312
25 275.331 30.525
25 275.363 152.138
25 275.37 217.439
25 275.375 213.675
25 275.379 438.596
25 275.382 273
25 275.385 405.515
25 275.388 150.218
25 275.394 174.886
25 275.4 438.02
25 275.402 196.309
25 275.407 407.997
25 275.41 205.381
25 275.415 512.033
25 275.417 211.775
25 275.421 150.625
25 275.428 86.4454
25 275.44 93.791
25 275.45 228.467
25 275.455 540.249
25 275.457 164.285
25 275.463 128.452
25 275.47 175.531
25 275.476 275.028
25 275.48 359.971
25 275.483 182.149
25 275.488 579.71
25 275.49 180.278
25 275.495 203.998
25 275.5 336.361
25 275.503 170.94
25 275.509 168.947
25 275.515 267.523
25 275.519 329.056
25 275.522 154.178
25 275.528 136.388
25 275.536 166.003
25 275.542 498.256
25 275.544 287.356
25 275.547 74.0247
25 275.561 214.777
25 275.565 228.781
25 275.57 226.142
25 275.574 250.627
25 275.578 209.512
25 275.583 241.721
25 275.587 132.433
25 275.594 516.796
25 275.596 86.3111
25 275.608 164.285
25 275.614 47.694
25 275.635 5.17357
25 275.828 474.158
25 275.83 71.8081
25 275.844 261.233
25 275.848 74.5212
25 275.862 170.765
25 275.867 157.679
25 275.874 476.872
25 275.876 197.941
25 275.881 251.193
25 275.885 372.024
25 275.888 146.778
25 275.894 136.5
25 275.902 114.903
25 275.91 429
25 275.913 146.327
25 275.92 632.511
25 275.921 161.812
25 275.927 123.365
25 275.936 332.005
25 275.939 268.601
25 275.942 850.34
25 275.943 634.921
25 275.945 182.05
25 275.951 160.488
25 275.957 1025.64
25 275.958 188.324
25 275.963 127.033
25 275.971 358.423
25 275.974 130.412
25 275.981 146.199
25 275.988 163.559
25 275.994 157.754
25 276.001 557.414
25 276.002 323.939
25 276.006 395.883
25 276.008 401.123
25 276.011 183.05
25 276.016 193.461
25 276.021 148.017
25 276.028 771.605
25 276.029 95.5657
25 276.04 396.825
25 276.042 127.665
25 276.05 157.679
25 276.056 383.142
25 276.059 242.424
25 276.063 469.484
25 276.065 218.866
25 276.07 478.927
25 276.072 270.563
25 276.076 174.246
25 276.081 105.619
25 276.091 305.25
25 276.094 520.021
25 276.096 32.844
25 276.126 112.196
25 276.135 67.2179
25 276.15 84.0266
25 276.162 175.07
25 276.168 367.512
25 276.171 11.6534
25 276.256 21.9529
25 276.302 1.27007

26 277.102 140.469
26 277.109 670.691
26 277.11 144.991
26 277.117 41.3924
26 277.141 67.8196
26 277.156 7.97811
26 277.282 51.6076
26 277.301 117.786
26 277.309 161.031
26 277.316 85.2515
26 277.327 126.55
26 277.335 157.53
26 277.342 129.149
26 277.349 112.651
26 277.358 314.465
26 277.361 152.277
26 277.368 171.292
26 277.374 417.711
26 277.376 101.968
26 277.386 258.398
26 277.39 126.167
26 277.398 214.638
26 277.402 464.9
26 277.405 189.717
26 277.41 173.07
26 277.416 138.543
26 277.423 165.344
26 277.429 56.1735
26 277.447 57.5705
26 277.464 241.546
26 277.468 73.0194
26 277.482 24.3202
26 277.523 50.0726
26 277.543 8.02826
26 277.668 39.3592
26 277.693 392.157
26 277.696 130.056
26 277.703 331.016
26 277.706 175.716
26 277.712 240.327
26 277.716 809.061
26 277.717 280.348
26 277.721 209.776
26 277.726 184.468
26 277.731 244.2
26 277.735 154.036
26 277.742 863.558
26 277.743 217.865
26 277.747 709.22
26 277.749 627.746
26 277.75 208.073
26 277.755 121.832
26 277.763 177.968
26 277.769 51.9211
26 277.788 116.469
26 277.797 261.643
26 277.801 208.725
26 277.805 347.947
26 277.808 131.285
26 277.816 145.37
26 277.823 199.84
26 277.828 125.078
26 277.836 80.8081
26 277.848 140.647
26 277.855 162.206
26 277.862 121.877
26 277.87 313.578
26 277.873 329.381
26 277.876 208.986
26 277.881 254.647
26 277.885 58.4795
26 277.902 434.594
26 277.904 71.6076
26 277.918 105.887
26 277.927 123.001
26 277.936 83.7731
26 277.948 128.999
26 277.955 69.056
26 277.97 40.6256
26 277.994 50.1555
26 278.014 154.464
26 278.021 69.0989
26 278.035 151.93
26 278.042 139.179
26 278.049 160.102
26 278.055 185.598
26 278.061 48.7187
26 278.081 68.2221
26 278.096 995.025
26 278.097 44.6947
26 278.119 356.125
26 278.122 221.631
26 278.127 108.684
26 278.136 164.853
26 278.142 203.749
26 278.147 178.731
26 278.152 195.274
26 278.157 218.293
26 278.162 194.818
26 278.167 627.746
26 278.169 118.751
26 278.177 786.164
26 278.178 374.111
26 278.181 174.611
26 278.187 88.1368
26 278.198 9.75201
26 278.301 64.6245
26 278.316 51.1169
26 278.336 141.965
26 278.343 95.3743
26 278.353 374.532
26 278.356 325.521
26 278.359 522.466
26 278.361 872.6
26 278.362 278.009
26 278.366 644.745
26 278.367 449.843
26 278.369 153.468
26 278.376 167.42
26 278.382 20.7892
26 278.43 390.778
26 278.433 8.99977
26 278.544 169.635
26 278.55 275.71
26 278.553 505.817
26 278.555 69.8666
26 278.57 312.695
26 278.573 413.565
26 278.575 346.5
26 278.578 87.6271
26 278.589 182.849
26 278.595 82.3655
26 278.607 3.73152
26 278.875 69.3289
26 278.889 1.30775

27 279.661 49.1352
27 279.681 90.1144
27 279.692 43.8712
27 279.715 243.132
27 279.719 385.802
27 279.721 35.7079
27 279.749 59.5451
27 279.766 118.708
27 279.775 39.0778
27 279.8 105.02
27 279.81 210.571
27 279.815 81.9202
27 279.827 124.564
27 279.835 87.512
27 279.846 65.9413
27 279.861 468.165
27 279.864 245.098
27 279.868 55.0782
27 279.886 325.203
27 279.889 83.8997
27 279.901 106.564
27 279.91 231.965
27 279.914 233.427
27 279.919 131.804
27 279.926 528.262
27 279.928 73.3568
27 279.942 166.583
27 279.948 156.348
27 279.954 712.251
27 279.956 235.239
27 279.96 380.084
27 279.963 266.241
27 279.966 306.654
27 279.97 205.761
27 279.974 166.583
27 279.98 308.071
27 279.984 97.6658
27 279.994 278.242
27 279.997 9.04225
27 280.108 146.585
27 280.115 158.806
27 280.121 195.848
27 280.126 357.27
27 280.129 185.185
27 280.134 123.962
27 280.143 925.926
27 280.144 173.07
27 280.149 183.554
27 280.155 133.014
27 280.162 209.249
27 280.167 63.3714
27 280.183 8.34523
27 280.303 86.9868
27 280.314 160.643
27 280.32 134.3
27 280.328 129.249
27 280.336 22.3939
27 280.38 109.218
27 280.389 255.82
27 280.393 9.843
27 280.495 50.6817
27 280.515 123.64
27 280.523 85.1426
27 280.535 701.754
27 280.536 248.385
27 280.54 116.144
27 280.549 174.886
27 280.554 176.18
27 280.56 117.952
27 280.568 73.0994
27 280.582 191.681
27 280.587 415.11
27 280.59 192.567
27 280.595 94.162
27 280.606 108.26
27 280.615 1.83265

28 281.174 128.949
28 281.181 67.5721
28 281.196 277.085
28 281.2 69.5894
28 281.214 149.276
28 281.221 26.0356
28 281.259 8.29167
28 281.38 71.3012
28 281.394 367.512
28 281.397 320.205
28 281.4 114.824
28 281.408 166.917
28 281.414 407.997
28 281.417 209.908
28 281.422 886.525
28 281.423 212.993
28 281.427 308.356
28 281.431 347.222
28 281.434 384.911
28 281.436 84.6668
28 281.448 205.381
28 281.453 285.878
28 281.456 91.5248
28 281.467 54.0161
28 281.486 329.056
28 281.489 121.921
28 281.497 407
28 281.5 146.456
28 281.506 163.479
28 281.512 47.1476
28 281.534 20.6271
28 281.582 98.4446
28 281.592 146.456
28 281.599 66.1244
28 281.614 29.5508
28 281.648 173.43
28 281.654 326.797
28 281.657 90.3098
28 281.668 23.0346
28 281.711 58.3158
28 281.729 32.3029
28 281.76 23.1321
28 281.803 34.3112
28 281.832 698.812
28 281.833 53.3163
28 281.852 107.77
28 281.861 156.937
28 281.868 164.285
28 281.874 50.0425
28 281.894 82.7952
28 281.906 115.942
28 281.915 93.9496
28 281.925 146.778
28 281.932 76.7342
28 281.945 89.3655
28 281.956 94.1886
28 281.967 111.408
28 281.976 181.159
28 281.981 600.601
28 281.983 44.5454
28 282.005 139.121
28 282.013 12.3475
28 282.094 106.496
28 282.103 137.627
28 282.11 273.673
28 282.114 101.626
28 282.124 235.905
28 282.128 165.262
28 282.134 72.2126
28 282.148 200.08
28 282.153 147.037
28 282.16 117.578
28 282.168 40.8948
28 282.193 80.2246
28 282.205 12.4886
28 282.285 65.6685
28 282.3 178.253
28 282.306 132.855
28 282.314 122.414
28 282.322 253.293
28 282.326 131.389
28 282.333 189.717
28 282.339 69.4734
28 282.353 30.6767
28 282.386 13.5084
28 282.46 162.285
28 282.466 35.1136
28 282.494 193.013
28 282.499 117.744
28 282.508 178.731
28 282.513 141.183
28 282.521 36.9222
28 282.548 49.4193
28 282.568 1.85289

29 283.111 7.45529
29 283.245 395.413
29 283.248 89.9685
29 283.259 116.509
29 283.267 259.403
29 283.271 182.849
29 283.277 638.57
29 283.278 227.066
29 283.283 392.619
29 283.285 138.6
29 283.292 218.436
29 283.297 212.179
29 283.302 88.8652
29 283.313 73.779
29 283.327 166.334
29 283.333 174.611
29 283.338 67.0151
29 283.353 41.3976
29 283.377 40.5071
29 283.402 6.02544
29 283.568 39.593
29 283.593 128.551
29 283.601 33.0295
29 283.631 44.9055
29 283.654 58.2242
29 283.671 400.16
29 283.673 295.77
29 283.677 245.098
29 283.681 40.95
29 283.705 95.1565
29 283.716 86.1772
29 283.727 14.1052
29 283.798 111.222
29 283.807 69.4589
29 283.822 298.686
29 283.825 27.4033
29 283.861 158.278
29 283.868 88.6525
29 283.879 138.658
29 283.886 148.148
29 283.893 262.674
29 283.897 616.143
29 283.898 162.206
29 283.905 43.1109
29 283.928 201.045
29 283.933 35.5101
29 283.961 157.978
29 283.967 21.7339
29 284.013 73.3891
29 284.027 72.3537
29 284.041 151.584
29 284.047 173.611
29 284.053 177.873
29 284.059 365.898
29 284.061 85.8001
29 284.073 174.886
29 284.079 184.06
29 284.084 113.071
29 284.093 267.308
29 284.097 222.222
29 284.101 200.803
29 284.106 637.349
29 284.108 195.046
29 284.113 195.16
29 284.118 48.2183
29 284.139 71.3929
29 284.153 9.64618
29 284.256 282.965
29 284.26 793.651
29 284.261 202.634
29 284.266 152.486
29 284.273 169.722
29 284.279 101.781
29 284.288 101.595
29 284.298 6.2415
29 284.459 69.5604
29 284.473 39.0046
29 284.499 0.882425

30 285.643 117.247
30 285.652 42.8174
30 285.675 106.259
30 285.684 123.457
30 285.692 25.2067
30 285.732 91.1494
30 285.743 60.8384
30 285.759 53.8068
30 285.778 111.894
30 285.787 40.3112
30 285.812 132.223
30 285.819 248.201
30 285.823 370.782
30 285.826 378.788
30 285.829 111.669
30 285.838 157.978
30 285.844 72.6533
30 285.858 141.064
30 285.865 140.588
30 285.872 151.722
30 285.879 36.1376
30 285.906 31.7158
30 285.938 18.4949
30 285.992 168.011
30 285.998 48.1
30 286.019 578.704
30 286.02 227.842
30 286.025 192.678
30 286.03 400.16
30 286.032 439.754
30 286.035 248.756
30 286.039 228.311
30 286.043 276.855
30 286.047 324.254
30 286.05 192.234
30 286.055 410.509
30 286.057 166.583
30 286.063 193.798
30 286.069 237.586
30 286.073 63.4075
30 286.089 9.21014
30 286.197 115.66
30 286.206 233.918
30 286.21 95.8681
30 286.22 83.167
30 286.233 51.6796
30 286.252 170.068
30 286.258 1.31378

31 287.046 125.219
31 287.054 377.074
31 287.057 111.148
31 287.066 31.9806
31 287.097 6.17558
31 287.259 77.7907
31 287.272 70.0574
31 287.286 117.288
31 287.295 282.725
31 287.298 3.34608
31 287.597 28.9477
31 287.632 62.9882
31 287.648 9.18577
31 287.757 76.9645
31 287.769 15.2047
31 287.835 33.5379
31 287.865 66.6533
31 287.88 198.768
31 287.885 173.792
31 287.891 169.291
31 287.897 297.885
31 287.9 122.234
31 287.908 346.861
31 287.911 17.3232
31 287.969 61.207
31 287.985 40.3845
31 288.01 47.0079
31 288.031 52.3204
31 288.05 73.3407
31 288.064 45.8442
31 288.086 58.1024
31 288.103 125.976
31 288.111 30.2893
31 288.144 21.0172
31 288.192 18.5887
31 288.245 21.7908
31 288.291 9.3947
31 288.398 1.74383

32 289.225 25.9666
32 289.264 54.1565
32 289.282 168.18
32 289.288 403.063
32 289.291 459.137
32 289.293 201.288
32 289.298 222.668
32 289.303 508.906
32 289.304 303.306
32 289.308 144.739
32 289.315 328.731
32 289.318 183.857
32 289.323 71.7618
32 289.337 156.568
32 289.343 159.872
32 289.35 157.828
32 289.356 130.565
32 289.364 157.604
32 289.37 173.702
32 289.376 109.29
32 289.385 59.7479
32 289.402 150.015
32 289.408 115.46
32 289.417 38.959
32 289.443 37.4111
32 289.469 48.0446
32 289.49 4.73916
32 289.701 253.872
32 289.705 57.4713
32 289.723 132.802
32 289.73 110.816
32 289.739 173.702
32 289.745 182.749
32 289.75 480.307
32 289.752 234.907
32 289.757 45.333
32 289.779 215.75
32 289.783 177.399
32 289.789 135.391
32 289.796 121.832
32 289.805 75.6716
32 289.818 125.313
32 289.826 211.775
32 289.831 190.476
32 289.836 154.321
32 289.842 163.72
32 289.848 440.335
32 289.851 23.5505
32 289.893 65.9413
32 289.908 90.6536
32 289.919 76.0167
32 289.932 274.801
32 289.936 291.63
32 289.94 207.297
32 289.944 195.963
32 289.949 83.689
32 289.961 393.546
32 289.964 223.414
32 289.968 62.6802
32 289.984 131.544
32 289.992 71.1946
32 290.006 318.674
32 290.009 153.046
32 290.016 95.2925
32 290.026 213.402
32 290.031 195.046
32 290.036 128.899
32 290.044 236.072
32 290.048 477.555
32 290.05 171.644
32 290.056 155.255
32 290.062 136.221
32 290.07 180.278
32 290.075 20.7788
32 290.123 1.2719

33 291.11 24.8201
33 291.15 199.481
33 291.155 111.074
33 291.164 178.444
33 291.169 195.274
33 291.175 168.265
33 291.181 105.652
33 291.19 73.6974
33 291.204 83.3542
33 291.216 5.26468
33 291.406 301.659
33 291.409 168.18
33 291.415 239.808
33 291.419 186.951
33 291.424 52.6343
33 291.443 39.2341
33 291.469 132.223
33 291.476 208.073
33 291.481 405.515
33 291.484 284.172
33 291.487 387.147
33 291.49 196.078
33 291.495 238.949
33 291.499 199.243
33 291.504 163.399
33 291.51 539.374
33 291.512 96.6464
33 291.522 142.025
33 291.529 107.735
33 291.539 32.1968
33 291.57 4.16438
33 291.81 5.55556
33 291.99 49.96
33 292.01 25.025
33 292.05 49.975
33 292.07 24.9781
33 292.11 25.0156
33 292.15 25.0006
33 292.19 16.69
33 292.25 24.9913
33 292.29 8.32397

